0.000000000000000000e+00
2.864788975654116165e-01
5.729577951308232331e-01
8.594366926962347941e-01
1.145915590261646466e+00
1.432394487827058249e+00
1.718873385392469810e+00
2.005352282957881371e+00
2.291831180523292932e+00
2.578310078088704493e+00
2.864788975654116054e+00
3.151267873219527171e+00
3.437746770784938732e+00
3.724225668350350293e+00
4.010704565915761854e+00
4.297183463481173860e+00
4.583662361046585865e+00
4.870141258611997870e+00
5.156620156177409875e+00
5.443099053742821880e+00
5.729577951308232997e+00
6.016056848873645002e+00
6.302535746439057007e+00
6.589014644004469012e+00
6.875493541569881017e+00
7.161972439135292134e+00
7.448451336700704140e+00
7.734930234266115257e+00
8.021409131831527262e+00
8.307888029396940155e+00
8.594366926962351272e+00
8.880845824527762389e+00
9.167324722093175282e+00
9.453803619658586399e+00
9.740282517223999292e+00
1.002676141478941041e+01
1.031324031235482330e+01
1.059971920992023442e+01
1.088619810748564554e+01
1.117267700505105843e+01
1.145915590261646955e+01
1.174563480018188244e+01
1.203211369774729356e+01
1.231859259531270645e+01
1.260507149287811757e+01
1.289155039044352868e+01
1.317802928800894158e+01
1.346450818557435269e+01
1.375098708313976559e+01
1.403746598070517670e+01
1.432394487827058782e+01
1.461042377583599894e+01
1.489690267340141006e+01
1.518338157096682295e+01
1.546986046853223407e+01
1.575633936609764696e+01
1.604281826366305808e+01
1.632929716122847097e+01
1.661577605879388031e+01
1.690225495635929320e+01
1.718873385392470610e+01
1.747521275149011899e+01
1.776169164905552833e+01
1.804817054662094122e+01
1.833464944418635412e+01
1.862112834175176346e+01
1.890760723931717635e+01
1.919408613688258924e+01
1.948056503444800214e+01
1.976704393201341148e+01
2.005352282957882437e+01
2.034000172714423726e+01
2.062648062470964661e+01
2.091295952227505950e+01
2.119943841984047239e+01
2.148591731740588529e+01
2.177239621497129463e+01
2.205887511253670752e+01
2.234535401010212041e+01
2.263183290766752975e+01
2.291831180523294265e+01
2.320479070279835554e+01
2.349126960036376843e+01
2.377774849792917777e+01
2.406422739549459067e+01
2.435070629306000356e+01
2.463718519062541290e+01
2.492366408819082579e+01
2.521014298575623869e+01
2.549662188332165158e+01
2.578310078088706092e+01
2.606957967845247381e+01
2.635605857601788671e+01
2.664253747358329605e+01
2.692901637114870894e+01
2.721549526871412183e+01
2.750197416627953473e+01
2.778845306384494407e+01
2.807493196141035696e+01
2.836141085897576986e+01
2.864788975654117920e+01
2.893436865410659209e+01
2.922084755167200498e+01
2.950732644923741788e+01
2.979380534680282722e+01
3.008028424436824011e+01
3.036676314193365300e+01
3.065324203949906234e+01
3.093972093706447524e+01
3.122619983462988813e+01
3.151267873219529747e+01
3.179915762976071036e+01
3.208563652732612326e+01
3.237211542489153260e+01
3.265859432245694904e+01
3.294507322002235838e+01
3.323155211758776773e+01
3.351803101515318417e+01
3.380450991271859351e+01
3.409098881028400285e+01
3.437746770784941930e+01
3.466394660541482864e+01
3.495042550298024508e+01
3.523690440054565443e+01
3.552338329811106377e+01
3.580986219567648021e+01
3.609634109324188955e+01
3.638281999080729889e+01
3.666929888837271534e+01
3.695577778593812468e+01
3.724225668350353402e+01
3.752873558106895047e+01
3.781521447863435981e+01
3.810169337619976915e+01
3.838817227376518559e+01
3.867465117133059493e+01
3.896113006889600427e+01
3.924760896646142072e+01
3.953408786402683006e+01
3.982056676159224651e+01
4.010704565915765585e+01
4.039352455672306519e+01
4.068000345428848163e+01
4.096648235185389098e+01
4.125296124941930032e+01
4.153944014698471676e+01
4.182591904455012610e+01
4.211239794211553544e+01
4.239887683968095189e+01
4.268535573724636123e+01
4.297183463481177057e+01
4.325831353237718702e+01
4.354479242994259636e+01
4.383127132750801280e+01
4.411775022507342214e+01
4.440422912263883148e+01
4.469070802020424793e+01
4.497718691776965727e+01
4.526366581533506661e+01
4.555014471290048306e+01
4.583662361046589240e+01
4.612310250803130174e+01
4.640958140559671818e+01
4.669606030316212752e+01
4.698253920072753687e+01
4.726901809829295331e+01
4.755549699585836265e+01
4.784197589342377910e+01
4.812845479098918844e+01
4.841493368855459778e+01
4.870141258612001423e+01
4.898789148368542357e+01
4.927437038125083291e+01
4.956084927881624935e+01
4.984732817638165869e+01
5.013380707394706803e+01
5.042028597151248448e+01
5.070676486907789382e+01
5.099324376664330316e+01
5.127972266420871961e+01
5.156620156177412895e+01
5.185268045933954539e+01
5.213915935690495473e+01
5.242563825447036407e+01
5.271211715203578052e+01
5.299859604960118986e+01
5.328507494716659920e+01
5.357155384473201565e+01
5.385803274229742499e+01
5.414451163986283433e+01
5.443099053742825078e+01
5.471746943499366012e+01
5.500394833255906946e+01
5.529042723012448590e+01
5.557690612768989524e+01
5.586338502525530458e+01
5.614986392282072103e+01
5.643634282038613037e+01
5.672282171795154682e+01
5.700930061551695616e+01
5.729577951308235839e+01
5.758225841064776773e+01
5.786873730821316997e+01
5.815521620577857931e+01
5.844169510334398154e+01
5.872817400090939088e+01
5.901465289847479312e+01
5.930113179604020246e+01
5.958761069360560469e+01
5.987408959117101404e+01
6.016056848873641627e+01
6.044704738630181851e+01
6.073352628386722785e+01
6.102000518143263008e+01
6.130648407899803942e+01
6.159296297656344166e+01
6.187944187412885100e+01
6.216592077169425323e+01
6.245239966925966257e+01
6.273887856682506481e+01
6.302535746439047415e+01
6.331183636195587638e+01
6.359831525952128572e+01
6.388479415708668796e+01
6.417127305465209020e+01
6.445775195221749243e+01
6.474423084978290888e+01
6.503070974734831111e+01
6.531718864491371335e+01
6.560366754247911558e+01
6.589014644004453203e+01
6.617662533760993426e+01
6.646310423517533650e+01
6.674958313274073873e+01
6.703606203030615518e+01
6.732254092787155741e+01
6.760901982543695965e+01
6.789549872300236188e+01
6.818197762056776412e+01
6.846845651813318057e+01
6.875493541569858280e+01
6.904141431326398504e+01
6.932789321082938727e+01
6.961437210839480372e+01
6.990085100596020595e+01
7.018732990352560819e+01
7.047380880109101042e+01
7.076028769865642687e+01
7.104676659622182910e+01
7.133324549378723134e+01
7.161972439135263357e+01
7.190620328891803581e+01
7.219268218648345226e+01
7.247916108404885449e+01
7.276563998161425673e+01
7.305211887917965896e+01
7.333859777674507541e+01
7.362507667431047764e+01
7.391155557187587988e+01
7.419803446944128211e+01
7.448451336700669856e+01
7.477099226457210079e+01
7.505747116213750303e+01
7.534395005970290526e+01
7.563042895726830750e+01
7.591690785483372395e+01
7.620338675239912618e+01
7.648986564996452842e+01
7.677634454752993065e+01
7.706282344509534710e+01
7.734930234266074933e+01
7.763578124022615157e+01
7.792226013779155380e+01
7.820873903535695604e+01
7.849521793292237248e+01
7.878169683048777472e+01
7.906817572805317695e+01
7.935465462561857919e+01
7.964113352318399564e+01
7.992761242074939787e+01
8.021409131831480011e+01
8.050057021588020234e+01
8.078704911344561879e+01
8.107352801101102102e+01
8.136000690857642326e+01
8.164648580614182549e+01
8.193296470370722773e+01
8.221944360127264417e+01
8.250592249883804641e+01
8.279240139640344864e+01
8.307888029396885088e+01
8.336535919153426732e+01
8.365183808909966956e+01
8.393831698666507179e+01
8.422479588423047403e+01
8.451127478179589048e+01
8.479775367936129271e+01
8.508423257692669495e+01
8.537071147449209718e+01
8.565719037205749942e+01
8.594366926962291586e+01
8.623014816718831810e+01
8.651662706475372033e+01
8.680310596231912257e+01
8.708958485988453901e+01
8.737606375744994125e+01
8.766254265501534348e+01
8.794902155258074572e+01
8.823550045014616217e+01
8.852197934771156440e+01
8.880845824527696664e+01
8.909493714284236887e+01
8.938141604040777111e+01
8.966789493797318755e+01
8.995437383553858979e+01
9.024085273310399202e+01
9.052733163066939426e+01
9.081381052823481070e+01
9.110028942580021294e+01
9.138676832336561517e+01
9.167324722093101741e+01
9.195972611849643386e+01
9.224620501606183609e+01
9.253268391362723833e+01
9.281916281119264056e+01
9.310564170875804280e+01
9.339212060632345924e+01
9.367859950388886148e+01
9.396507840145426371e+01
9.425155729901966595e+01
9.453803619658508239e+01
9.482451509415048463e+01
9.511099399171588686e+01
9.539747288928128910e+01
9.568395178684670555e+01
9.597043068441210778e+01
9.625690958197751002e+01
9.654338847954291225e+01
9.682986737710831449e+01
9.711634627467373093e+01
9.740282517223913317e+01
9.768930406980453540e+01
9.797578296736993764e+01
9.826226186493535408e+01
9.854874076250075632e+01
9.883521966006615855e+01
9.912169855763156079e+01
9.940817745519697723e+01
9.969465635276237947e+01
9.998113525032778170e+01
1.002676141478931839e+02
1.005540930454585862e+02
1.008405719430240026e+02
1.011270508405894049e+02
1.014135297381548071e+02
1.017000086357202093e+02
1.019864875332856258e+02
1.022729664308510280e+02
1.025594453284164302e+02
1.028459242259818325e+02
1.031324031235472489e+02
1.034188820211126512e+02
1.037053609186780534e+02
1.039918398162434556e+02
1.042783187138088579e+02
1.045647976113742743e+02
1.048512765089396765e+02
1.051377554065050788e+02
1.054242343040704810e+02
1.057107132016358975e+02
1.059971920992012997e+02
1.062836709967667019e+02
1.065701498943321042e+02
1.068566287918975206e+02
1.071431076894629228e+02
1.074295865870283251e+02
1.077160654845937273e+02
1.080025443821591296e+02
1.082890232797245460e+02
1.085755021772899482e+02
1.088619810748553505e+02
1.091484599724207527e+02
1.094349388699861692e+02
1.097214177675515714e+02
1.100078966651169736e+02
1.102943755626823759e+02
1.105808544602477923e+02
1.108673333578131945e+02
1.111538122553785968e+02
1.114402911529439990e+02
1.117267700505094012e+02
1.120132489480748177e+02
1.122997278456402199e+02
1.125862067432056222e+02
1.128726856407710244e+02
1.131591645383364408e+02
1.134456434359018431e+02
1.137321223334672453e+02
1.140186012310326475e+02
1.143050801285980640e+02
1.145915590261634662e+02
1.148780379237288827e+02
1.151645168212942849e+02
1.154509957188596871e+02
1.157374746164251036e+02
1.160239535139905058e+02
1.163104324115559081e+02
1.165969113091213103e+02
1.168833902066867125e+02
1.171698691042521290e+02
1.174563480018175312e+02
1.177428268993829334e+02
1.180293057969483357e+02
1.183157846945137521e+02
1.186022635920791544e+02
1.188887424896445566e+02
1.191752213872099588e+02
1.194617002847753753e+02
1.197481791823407775e+02
1.200346580799061798e+02
1.203211369774715820e+02
1.206076158750369842e+02
1.208940947726024007e+02
1.211805736701678029e+02
1.214670525677332051e+02
1.217535314652986074e+02
1.220400103628640238e+02
1.223264892604294261e+02
1.226129681579948283e+02
1.228994470555602305e+02
1.231859259531256470e+02
1.234724048506910492e+02
1.237588837482564514e+02
1.240453626458218537e+02
1.243318415433872559e+02
1.246183204409526724e+02
1.249047993385180746e+02
1.251912782360834768e+02
1.254777571336488791e+02
1.257642360312142955e+02
1.260507149287796977e+02
1.263371938263451000e+02
1.266236727239105022e+02
1.269101516214759187e+02
1.271966305190413209e+02
1.274831094166067231e+02
1.277695883141721254e+02
1.280560672117375418e+02
1.283425461093029298e+02
1.286290250068683463e+02
1.289155039044337627e+02
1.292019828019991508e+02
1.294884616995645672e+02
1.297749405971299552e+02
1.300614194946953717e+02
1.303478983922607881e+02
1.306343772898261761e+02
1.309208561873915926e+02
1.312073350849569806e+02
1.314938139825223971e+02
1.317802928800878135e+02
1.320667717776532015e+02
1.323532506752186180e+02
1.326397295727840344e+02
1.329262084703494224e+02
1.332126873679148389e+02
1.334991662654802269e+02
1.337856451630456434e+02
1.340721240606110598e+02
1.343586029581764478e+02
1.346450818557418643e+02
1.349315607533072523e+02
1.352180396508726687e+02
1.355045185484380852e+02
1.357909974460034732e+02
1.360774763435688897e+02
1.363639552411343061e+02
1.366504341386996941e+02
1.369369130362651106e+02
1.372233919338304986e+02
1.375098708313959150e+02
1.377963497289613315e+02
1.380828286265267195e+02
1.383693075240921360e+02
1.386557864216575240e+02
1.389422653192229404e+02
1.392287442167883569e+02
1.395152231143537449e+02
1.398017020119191614e+02
1.400881809094845778e+02
1.403746598070499658e+02
1.406611387046153823e+02
1.409476176021807703e+02
1.412340964997461867e+02
1.415205753973116032e+02
1.418070542948769912e+02
1.420935331924424077e+02
1.423800120900077957e+02
1.426664909875732121e+02
1.429529698851386286e+02
1.432394487827040166e+02
1.435259276802694330e+02
1.438124065778348495e+02
1.440988854754002375e+02
1.443853643729656540e+02
1.446718432705310420e+02
1.449583221680964584e+02
1.452448010656618749e+02
1.455312799632272629e+02
1.458177588607926793e+02
1.461042377583580674e+02
1.463907166559234838e+02
1.466771955534889003e+02
1.469636744510542883e+02
1.472501533486197047e+02
1.475366322461851212e+02
1.478231111437505092e+02
1.481095900413159256e+02
1.483960689388813137e+02
1.486825478364467301e+02
1.489690267340121466e+02
1.492555056315775346e+02
1.495419845291429510e+02
1.498284634267083391e+02
