-4.632720615566772261e-16
1.084359481346837352e-04
4.131492259933696592e-04
9.846340510352576906e-04
1.878849130296952408e-03
3.139607899868224628e-03
4.800598533546588526e-03
6.887087392843820044e-03
9.417354023025160947e-03
1.240389906444035011e-02
1.585446023159149329e-02
1.977286612898270998e-02
2.415975309335454541e-02
2.901316637455935224e-02
3.432906368717487250e-02
4.010173638938691054e-02
4.632416119613810140e-02
5.298829334401009006e-02
6.008531044024380957e-02
6.760581480104163599e-02
7.554000087540048425e-02
8.387779332693016954e-02
9.260896047922237417e-02
1.017232070965192747e-01
1.112102498504082826e-01
1.210598782979041138e-01
1.312620037519904026e-01
1.418066980501013485e-01
1.526842239086481368e-01
1.638850582836222092e-01
1.753999099309564991e-01
1.872197321693160055e-01
1.993357316868462903e-01
2.117393740975496708e-01
2.244223868384500886e-01
2.373767599022503227e-01
2.505947448189849158e-01
2.640688522318258569e-01
2.777918483547301420e-01
2.917567505513017911e-01
3.059568222336708776e-01
3.203855672461132231e-01
3.350367238695644012e-01
3.499042585592244681e-01
3.649823595073973803e-01
3.802654301069037235e-01
3.957480823763994682e-01
4.114251303972001894e-01
4.272915838014558765e-01
4.433426413433861901e-01
4.595736845785245439e-01
4.759802716703219749e-01
4.925581313388128768e-01
5.093031569622162857e-01
5.262114008391952646e-01
5.432790686169052252e-01
5.605025138878528823e-01
5.778782329568664666e-01
5.954028597780933740e-01
6.130731610608227689e-01
6.308860315420532494e-01
6.488384894230215805e-01
6.669276719663757014e-01
6.851508312502687659e-01
7.035053300753382199e-01
7.219886380203357490e-01
7.405983276420206041e-01
7.593320708148512121e-01
7.781876352059722279e-01
7.971628808810002909e-01
8.162557570361412829e-01
8.354642988522379410e-01
8.547866244664120705e-01
8.742209320570665243e-01
8.937654970381181396e-01
9.134186693584274153e-01
9.331788709025277129e-01
9.530445929888636813e-01
9.730143939618762783e-01
9.930868968743894465e-01
1.013260787256889062e+00
1.033534810970388129e+00
1.053907772139710763e+00
1.074378531164128292e+00
1.094946002802409390e+00
1.115609154329449737e+00
1.136367003761756367e+00
1.157218618149174372e+00
1.178163111930332407e+00
1.199199645349396270e+00
1.220327422931801964e+00
1.241545692016745361e+00
1.262853741344274638e+00
1.284250899694935777e+00
1.305736534579994723e+00
1.327310050980331280e+00
1.348970890132188183e+00
1.370718528358020327e+00
1.392552475940767476e+00
1.414472276039928200e+00
1.436477503647892284e+00
1.458567764585033677e+00
1.480742694532137804e+00
1.503001958098786561e+00
1.525345247926380710e+00
1.547772283824528916e+00
1.570282811939584189e+00
1.592876603954157311e+00
1.615553456316480840e+00
1.638313189498536770e+00
1.661155647281916004e+00
1.684080696070399785e+00
1.707088224228309414e+00
1.730178141443696749e+00
1.753350378115487107e+00
1.776604884763719250e+00
1.799941631462063762e+00
1.823360607291826030e+00
1.846861819816677075e+00
1.870445294577380846e+00
1.894111074605812295e+00
1.917859219957595673e+00
1.941689807262705569e+00
1.965602929293413847e+00
1.989598694548972757e+00
2.013677226856458891e+00
2.037838664987221993e+00
2.062083162288398164e+00
2.086410886328980752e+00
2.110822018559941338e+00
2.135316753987928973e+00
2.159895300862095802e+00
2.184557880373591665e+00
2.209304726367313343e+00
2.234136085065498545e+00
2.259052214802764080e+00
2.284053385772219169e+00
2.309139879782279525e+00
2.334311990023838934e+00
2.359570020847453264e+00
2.384914287550221168e+00
2.410345116172043500e+00
2.435862843300954150e+00
2.461467815887251387e+00
2.487160391066128629e+00
2.512940935988558611e+00
2.538809827660152951e+00
2.564767452787768409e+00
2.590814207633603594e+00
2.616950497876572967e+00
2.643176738480724985e+00
2.669493353570502325e+00
2.695900776312629699e+00
2.722399448804446731e+00
2.748989821968482516e+00
2.775672355453105311e+00
2.802447517539061295e+00
2.829315785051743415e+00
2.856277643279024669e+00
2.883333585894505280e+00
2.910484114886024098e+00
2.937729740489289476e+00
2.965070981126498584e+00
2.992508363349809297e+00
3.020042421789540743e+00
3.047673699106983047e+00
3.075402745951695938e+00
3.103230120923196278e+00
3.131156390536912859e+00
3.159182129194320066e+00
3.187307919157146507e+00
3.215534350525567575e+00
3.243862021220290437e+00
3.272291536968448877e+00
3.300823511293224044e+00
3.329458565507118273e+00
3.358197328708799390e+00
3.387040437783452429e+00
3.415988537406567271e+00
3.445042280051097805e+00
3.474202325997933993e+00
3.503469343349625564e+00
3.532844008047303586e+00
3.562327003890746191e+00
3.591919022561542718e+00
3.621620763649302077e+00
3.651432934680866715e+00
3.681356251152489545e+00
3.711391436564928981e+00
3.741539222461431891e+00
3.771800348468565822e+00
3.802175562339864090e+00
3.832665620002261520e+00
3.863271285605286209e+00
3.893993331572979777e+00
3.924832538658525216e+00
3.955789696001559275e+00
3.986865601188145813e+00
4.018061060313388388e+00
4.049376888046677614e+00
4.080813907699539556e+00
4.112372951296083379e+00
4.144054859646034927e+00
4.175860482420341135e+00
4.207790678229333281e+00
4.239846314703448193e+00
4.272028268576506527e+00
4.304337425771516124e+00
4.336774681489029781e+00
4.369340940298036990e+00
4.402037116229386982e+00
4.434864132871751075e+00
4.467822923470119889e+00
4.500914431026838969e+00
4.534139608405191701e+00
4.567499418435524206e+00
4.600994834023922841e+00
4.634626838263454118e+00
4.668396424547967882e+00
4.702304596688476224e+00
4.736352369032123200e+00
4.770540766583732939e+00
4.804870825129986756e+00
4.839343591366195518e+00
4.873960123025717905e+00
4.908721489012018324e+00
4.943628769533375156e+00
4.978683056240279292e+00
5.013885452365502537e+00
5.049237072866882059e+00
5.084739044572820887e+00
5.120392506330529336e+00
5.156198609157021551e+00
5.192158516392885836e+00
5.228273403858843871e+00
5.264544460015127214e+00
5.300972886123680894e+00
5.337559896413215377e+00
5.374306718247129133e+00
5.411214592294320447e+00
5.448284772702906231e+00
5.485518527276870948e+00
5.522917137655660724e+00
5.560481899496752867e+00
5.598214122661199887e+00
5.636115131402197775e+00
5.674186264556662529e+00
5.712428875739869127e+00
5.750844333543135178e+00
5.789434021734604308e+00
5.828199339463115081e+00
5.867141701465190096e+00
5.906262538275153240e+00
5.945563296438394651e+00
5.985045438727796707e+00
6.024710444363326367e+00
6.064559809234819632e+00
6.104595046127952784e+00
6.144817684953419956e+00
6.185229272979325010e+00
6.225831375066778861e+00
6.266625573908729763e+00
6.307613470271999034e+00
6.348796683242554195e+00
6.390176850473983983e+00
6.431755628439194794e+00
6.473534692685307235e+00
6.515515738091745668e+00
6.557700479131503002e+00
6.600090650135566506e+00
6.642688005560485109e+00
6.685494320259042667e+00
6.728511389754020300e+00
6.771741030515001647e+00
6.815185080238197024e+00
6.858845398129223447e+00
6.902723865188809427e+00
6.946822384501360581e+00
6.991142881526323016e+00
7.035687304392282293e+00
7.080457624193727817e+00
7.125455835290381401e+00
7.170683955609032267e+00
7.216144026947744372e+00
7.261838115282365891e+00
7.307768311075197865e+00
7.353936729585710985e+00
7.400345511183174629e+00
7.446996821661041821e+00
7.493892852552948902e+00
7.541035821450148724e+00
7.588427972320191728e+00
7.636071575826671065e+00
7.683968929649815038e+00
7.732122358807688833e+00
7.780534215977791490e+00
7.829206881818765673e+00
7.878142765291947569e+00
7.927344303982478912e+00
7.976813964419637415e+00
8.026554242396080951e+00
8.076567663285628029e+00
8.126856782359187292e+00
8.177424185098468357e+00
8.228272487506986366e+00
8.279404336417965027e+00
8.330822409798594563e+00
8.382529417050170295e+00
8.434528099303543414e+00
8.486821229709308412e+00
8.539411613722119654e+00
8.592302089378467400e+00
8.645495527567254257e+00
8.698994832292392232e+00
8.752802940926709852e+00
8.806922824456306031e+00
8.861357487714498049e+00
8.916109969604471885e+00
8.971183343309638403e+00
9.026580716490713030e+00
9.082305231468419393e+00
9.138360065390696008e+00
9.194748430383215876e+00
9.251473573681948892e+00
9.308538777746457882e+00
9.365947360352507189e+00
9.423702674662557399e+00
9.481808109272531482e+00
9.540267088233294501e+00
9.599083071045082960e+00
9.658259552623107425e+00
9.717800063232433061e+00
9.777708168390136123e+00
9.837987468732675822e+00
9.898641599846238037e+00
9.959674232057821541e+00
1.002108907018459405e+01
1.008288985323899389e+01
1.014508035408696252e+01
1.020766437905649404e+01
1.027064576749358871e+01
1.033402839126257611e+01
1.039781615418763927e+01
1.046201299143214136e+01
1.052662286881234088e+01
1.059164978204180940e+01
1.065709775590274866e+01
1.072297084334026174e+01
1.078927312447540210e+01
1.085600870553270525e+01
1.092318171767769464e+01
1.099079631575966154e+01
1.105885667695487129e+01
1.112736699930508344e+01
1.119633150014612966e+01
1.126575441442109238e+01
1.133563999287235369e+01
1.140599250010667021e+01
1.147681621252711892e+01
1.154811541612562387e+01
1.161989440412952312e+01
1.169215747449538867e+01
1.176490892724315351e+01
1.183815306162335368e+01
1.191189417311005094e+01
1.198613655021185487e+01
1.206088447109318373e+01
1.213614219999776189e+01
1.221191398346609525e+01
1.228820404633856178e+01
1.236501658753547161e+01
1.244235577560539596e+01
1.252022574403282640e+01
1.259863058629613342e+01
1.267757435066672045e+01
1.275706103474005637e+01
1.283709457968936363e+01
1.291767886423255618e+01
1.299881769830312628e+01
1.308051481641563640e+01
1.316277387071657579e+01
1.324559842371146345e+01
1.332899194065920412e+01
1.341295778162495544e+01
1.349749919318302993e+01
1.358261929976165483e+01
1.366832109462189493e+01
1.375460743046343914e+01
1.384148100965055761e+01
1.392894437405219676e+01
1.401699989449087447e+01
1.410564975979592894e+01
1.419489596545756882e+01
1.428474030187931376e+01
1.437518434222749875e+01
1.446622942987789706e+01
1.455787666546096659e+01
1.465012689350875519e+01
1.474298068870827372e+01
1.483643834176806031e+01
1.493049984490665594e+01
1.502516487697394787e+01
1.512043278821877124e+01
1.521630258471862440e+01
1.531277291249021566e+01
1.540984204130232804e+01
1.550750784821576467e+01
1.560576780087824034e+01
1.570461894060566443e+01
1.580405786528483603e+01
1.590408071213636454e+01
1.600468314038059603e+01
1.610586031385339822e+01
1.620760688362292612e+01
1.630991697066277624e+01
1.641278414864145674e+01
1.651620142689250414e+01
1.662016123363423503e+01
1.672465539951265256e+01
1.682967514154554678e+01
1.693521104755037854e+01
1.704125306114283589e+01
1.714779046739735691e+01
1.725481187926475712e+01
1.736230522484602901e+01
1.747025773562485185e+01
1.757865593576440588e+01
1.768748563257680928e+01
1.779673190827571005e+01
1.790637911312406061e+01
1.801641086009025017e+01
1.812681002112586981e+01
1.823755872517798693e+01
1.834863835804744880e+01
1.846002956420239371e+01
1.857171225065302878e+01
1.868366559298939933e+01
1.879586804367856701e+01
1.890829734271120799e+01
1.902093053067996564e+01
1.913374396436317326e+01
1.924671333487760450e+01
1.935981368845276407e+01
1.947301944986697109e+01
1.958630444857199038e+01
1.969964194751858599e+01
1.981300467467976745e+01
1.992636485725216389e+01
2.003969425849864550e+01
2.015296421717741993e+01
2.026614568948440009e+01
2.037920929341663623e+01
2.049212535544564062e+01
2.060486395937018855e+01
2.071739499719931743e+01
2.082968822189753055e+01
2.094171330180637014e+01
2.105343987653911597e+01
2.116483761412947473e+01
2.127587626919998698e+01
2.138652574190259514e+01
2.149675613737196755e+01
2.160653782542232193e+01
2.171584150021052650e+01
2.182463823958262950e+01
2.193289956381752859e+01
2.204059749348044406e+01
2.214770460610035130e+01
2.225419409138953242e+01
2.236003980472973751e+01
2.246521631865853408e+01
2.256969897210063536e+01
2.267346391710273323e+01
2.277648816284614597e+01
2.287874961672939378e+01
2.298022712233253628e+01
2.308090049409631206e+01
2.318075054857175488e+01
2.327975913211967907e+01
2.337790914496402905e+01
2.347518456152817024e+01
2.357157044700867488e+01
2.366705297016647336e+01
2.376161941234049380e+01
2.385525817271334503e+01
2.394795876988254335e+01
2.403971183981339621e+01
2.413050913027117161e+01
2.422034349185031488e+01
2.430920886573677819e+01
2.439710026835630075e+01
2.448401377307620308e+01
2.456994648914123403e+01
2.465489653803472692e+01
2.473886302746529964e+01
2.482184602318601918e+01
2.490384651885782930e+01
2.498486640417189264e+01
2.506490843144644742e+01
2.514397618091304309e+01
2.522207402490446526e+01
2.529920709115276267e+01
2.537538122540017582e+01
2.545060295351927593e+01
2.552487944333051217e+01
2.559821846629684572e+01
2.567062835926522268e+01
2.574211798641450599e+01
2.581269670155857554e+01
2.588237431094207253e+01
2.595116103665475649e+01
2.601906748077889375e+01
2.608610459037237916e+01
2.615228362337886381e+01
2.621761611554476801e+01
2.628211384841205600e+01
2.634578881844494447e+01
2.640865320733840704e+01
2.647071935354666650e+01
2.653199972506051907e+01
2.659250689345355667e+01
2.665225350920946212e+01
2.671125227833470461e+01
2.676951594025433678e+01
2.682705724698207206e+01
2.688388894355022529e+01
2.694002374967988800e+01
2.699547434266734314e+01
2.705025334145846472e+01
2.710437329187972466e+01
2.715784665299123901e+01
2.721068578452497633e+01
2.726290293536923315e+01
2.731451023305884718e+01
2.736551967422955656e+01
2.741594311599396150e+01
2.746579226819617503e+01
2.751507868650199740e+01
2.756381376628150903e+01
2.761200873724139626e+01
2.765967465876474307e+01
2.770682241591682526e+01
2.775346271607626747e+01
2.779960608615203554e+01
2.784526287034772452e+01
2.789044322843599133e+01
2.793515713450718252e+01
2.797941437615764215e+01
2.802322455408449642e+01
2.806659708205533477e+01
2.810954118722242612e+01
2.815206591075280329e+01
2.819418010874684555e+01
2.823589245341950615e+01
2.827721143451973873e+01
2.831814536096509727e+01
2.835870236266980271e+01
2.839889039254594749e+01
2.843871722865875284e+01
2.847819047651806557e+01
2.851731757148945690e+01
2.855610578130943367e+01
2.859456220869038745e+01
2.863269379400192349e+01
2.867050731801622376e+01
2.870800940470606477e+01
2.874520652408495636e+01
2.878210499507975939e+01
2.881871098842692902e+01
2.885503052958426551e+01
2.889106950165076171e+01
2.892683364828783965e+01
2.896232857663584781e+01
2.899755976022026971e+01
2.903253254184265586e+01
2.906725213645179196e+01
2.910172363399108519e+01
2.913595200221855563e+01
2.916994208949627065e+01
2.920369862754639811e+01
2.923722623417139133e+01
2.927052941593620261e+01
2.930361257081061765e+01
2.933647999077011193e+01
2.936913586435394663e+01
2.940158427917929629e+01
2.943382922441057659e+01
2.946587459318318736e+01
2.949772418498111648e+01
2.952938170796806006e+01
2.956085078127173205e+01
2.959213493722127453e+01
2.962323762353771173e+01
2.965416220547758641e+01
2.968491196792993136e+01
2.971549011746683533e+01
2.974589978434790183e+01
2.977614402447911246e+01
2.980622582132644638e+01
2.983614808778481731e+01
2.986591366800286451e+01
2.989552533916424437e+01
2.992498581322596962e+01
2.995429773861452105e+01
2.998346370188037113e+01
3.001248622931167986e+01
3.004136778850780587e+01
3.007011078991341080e+01
3.009871758831391730e+01
3.012719048429302049e+01
3.015553172565304152e+01
3.018374350879886947e+01
3.021182798008626591e+01
3.023978723713527472e+01
3.026762333010949391e+01
3.029533826296196253e+01
3.032293399464843731e+01
3.035041244030873386e+01
3.037777547241693910e+01
3.040502492190118389e+01
3.043216257923366896e+01
3.045919019549174322e+01
3.048610948339056037e+01
3.051292211828823042e+01
3.053962973916392798e+01
3.056623394956974948e+01
3.059273631855691633e+01
3.061913838157702017e+01
3.064544164135886106e+01
3.067164756876154996e+01
3.069775760360448658e+01
3.072377315547477394e+01
3.074969560451265238e+01
3.077552630217554963e+01
3.080126657198129791e+01
3.082691771023101523e+01
3.085248098671225137e+01
3.087795764538287102e+01
3.090334890503621068e+01
3.092865595994798156e+01
3.095387998050543388e+01
3.097902211381920878e+01
3.100408348431842853e+01
3.102906519432934829e+01
3.105396832463813439e+01
3.107879393503813503e+01
3.110354306486206255e+01
3.112821673349953144e+01
3.115281594090028605e+01
3.117734166806361884e+01
3.120179487751421732e+01
3.122617651376492987e+01
3.125048750376676665e+01
3.127472875734642344e+01
3.129890116763180075e+01
3.132300561146574935e+01
3.134704294980839379e+01
3.137101402812836426e+01
3.139491967678323192e+01
3.141876071138946358e+01
3.144253793318213752e+01
3.146625212936480409e+01
3.148990407344964026e+01
3.151349452558827480e+01
3.153702423289349355e+01
3.156049392975209145e+01
3.158390433812911269e+01
3.160728704233070374e+01
3.163070301485360147e+01
3.165420836289183626e+01
3.167785455240106529e+01
3.170168864766434780e+01
3.172575354819117521e+01
3.175008821821280591e+01
3.177472790765760990e+01
3.179970436446305015e+01
3.182504603834072299e+01
3.185077827617873325e+01
3.187692350928288221e+01
3.190350143266224237e+01
3.193052917656531520e+01
3.195802147047325548e+01
3.198599079975652870e+01
3.201444755520157770e+01
3.204340017561372633e+01
3.207285528370245942e+01
3.210281781545459978e+01
3.213329114320040958e+01
3.216427719257625739e+01
3.219577655358645529e+01
3.222778858596526419e+01
3.226031151903792704e+01
3.229334254627760004e+01
3.232687791475247963e+01
3.236091300965474460e+01
3.239544222534509288e+01
3.243045911416237459e+01
3.246595632426558353e+01
3.250192567838328728e+01
3.253835824591192960e+01
3.257524440747116046e+01
3.261257391091018576e+01
3.265033591751817710e+01
3.268851903682621440e+01
3.272711134785768650e+01
3.276610040391982892e+01
3.280547321691875595e+01
3.284521621554649329e+01
3.288531516924523856e+01
3.292575506612547542e+01
3.296651992719323943e+01
3.300759252990681603e+01
3.304895483891812091e+01
3.309058880309179784e+01
3.313247638661547256e+01
3.317459962926957218e+01
3.321694074552352305e+01
3.325948227111221911e+01
3.330220726463446113e+01
3.334509956905666428e+01
3.338814413330732833e+01
3.343132738720829877e+01
3.347463765408890879e+01
3.351806557552090737e+01
3.356160451336085515e+01
3.360525088785996672e+01
3.364900372642746618e+01
3.369286219731915821e+01
3.373682537401833770e+01
3.378089223939471708e+01
3.382506169054023815e+01
3.386933254366915946e+01
3.391370353892241241e+01
3.395817334503747276e+01
3.400274056387705457e+01
3.404740373481786264e+01
3.409216133900255841e+01
3.413701180345803721e+01
3.418195350508308650e+01
3.422698477450796162e+01
3.427210389982855077e+01
3.431730913021732476e+01
3.436259867941343060e+01
3.440797072909393961e+01
3.445342343212850267e+01
3.449895491571930961e+01
3.454456328442856972e+01
3.459024662309540332e+01
3.463600299964430462e+01
3.468183046778710832e+01
3.472772706962059885e+01
3.477369083812178019e+01
3.481971979954289509e+01
3.486581197570819057e+01
3.491196538621466061e+01
3.495817805053870586e+01
3.500444799005087759e+01
3.505077322994080191e+01
3.509715180105433774e+01
3.514358174164512150e+01
3.519006109904250934e+01
3.523658793123806987e+01
3.528316030839265949e+01
3.532977631426612675e+01
3.537643404757174892e+01
3.542313162325741160e+01
3.546986717371547826e+01
3.551663884992348841e+01
3.556344482251752481e+01
3.561028328280029598e+01
3.565715244368587378e+01
3.570405054058286964e+01
3.575097583221815967e+01
3.579792660140277860e+01
3.584490115574202918e+01
3.589189782829140540e+01
3.593891497816031233e+01
3.598595099106520223e+01
3.603300427983381127e+01
3.608007328486235821e+01
3.612715647452714052e+01
3.617425234555234681e+01
3.622135942333550673e+01
3.626847626223231913e+01
3.631560144580220140e+01
3.636273358701620140e+01
3.640987132842866458e+01
3.645701334231407031e+01
3.650415833077055083e+01
3.655130502579127949e+01
3.659845218930519906e+01
3.664559861318839040e+01
3.669274311924722554e+01
3.673988455917474738e+01
3.678702181448122133e+01
3.683415379640032938e+01
3.688127944577187378e+01
3.692839773290232586e+01
3.697550765740414391e+01
3.702260824801503247e+01
3.706969856239805239e+01
3.711677768692371870e+01
3.716384473643489628e+01
3.721089885399557318e+01
3.725793921062431480e+01
3.730496500501335078e+01
3.735197546323412610e+01
3.739896983843014056e+01
3.744594741049787956e+01
3.749290748575667465e+01
3.753984939660811904e+01
3.758677250118593349e+01
3.763367618299680828e+01
3.768055985055308810e+01
3.772742293699779736e+01
3.777426489972278034e+01
3.782108521998040374e+01
3.786788340248964602e+01
3.791465897503689320e+01
3.796141148807218002e+01
3.800814051430135265e+01
3.805484564827457916e+01
3.810152650597185442e+01
3.814818272438587599e+01
3.819481396110271021e+01
3.824141989388083829e+01
3.828800022022878125e+01
3.833455465698199305e+01
3.838108293987905739e+01
3.842758482313792712e+01
3.847406007903228442e+01
3.852050849746846239e+01
3.856692988556331869e+01
3.861332406722322474e+01
3.865969088272466081e+01
3.870603018829644526e+01
3.875234185570415235e+01
3.879862577183674688e+01
3.884488183829584074e+01
3.889110997098767086e+01
3.893731009971812540e+01
3.898348216779098152e+01
3.902962613160956096e+01
3.907574196028195246e+01
3.912182963523010670e+01
3.916788914980278236e+01
3.921392050889262748e+01
3.925992372855759527e+01
3.930589883564660880e+01
3.935184586742987989e+01
3.939776487123382509e+01
3.944365590408070688e+01
3.948951903233320593e+01
3.953535433134391042e+01
3.958116188510986433e+01
3.962694178593223882e+01
3.967269413408124024e+01
3.971841903746629043e+01
3.976411661131150055e+01
3.980978697783659470e+01
3.985543026594323379e+01
3.990104661090687443e+01
3.994663615407408486e+01
3.999219904256549540e+01
4.003773542898424864e+01
4.008324547113011960e+01
4.012872933171922085e+01
4.017418717810936357e+01
4.021961918203102471e+01
4.026502551932400564e+01
4.031040636967969704e+01
4.035576191638895693e+01
4.040109234609570166e+01
4.044639784855602471e+01
4.049167861640294319e+01
4.053693484491675747e+01
4.058216673180088918e+01
4.062737447696335380e+01
4.067255828230361203e+01
4.071771835150497054e+01
4.076285488983241123e+01
4.080796810393577800e+01
4.085305820165834234e+01
4.089812539185068374e+01
4.094316988418980685e+01
4.098819188900355925e+01
4.103319161710011542e+01
4.107816927960264763e+01
4.112312508778907727e+01
4.116805925293679991e+01
4.121297198617239133e+01
4.125786349832623756e+01
4.130273399979193982e+01
4.134758370039060082e+01
4.139241280923977939e+01
4.143722153462706359e+01
4.148201008388835476e+01
4.152677866329057821e+01
4.157152747791891301e+01
4.161625673156841998e+01
4.166096662664000405e+01
4.170565736404062562e+01
4.175032914308773968e+01
4.179498216141783473e+01
4.183961661489907868e+01
4.188423269754790823e+01
4.192883060144954754e+01
4.197341051668243495e+01
4.201797263124634441e+01
4.206251713099430134e+01
4.210704419956805822e+01
4.215155401833720816e+01
4.219604676634176599e+01
4.224052262023816695e+01
4.228498175424862637e+01
4.232942434011381039e+01
4.237385054704869702e+01
4.241826054170157079e+01
4.246265448811610810e+01
4.250703254769648254e+01
4.255139487917535490e+01
4.259574163858477647e+01
4.264007297922987760e+01
4.268438905166524933e+01
4.272869000367399650e+01
4.277297598024944136e+01
4.281724712357925000e+01
4.286150357303209546e+01
4.290574546514665855e+01
4.294997293362299473e+01
4.299418610931611795e+01
4.303838512023182261e+01
4.308257009152458750e+01
4.312674114549758997e+01
4.317089840160470970e+01
4.321504197645445799e+01
4.325917198381579709e+01
4.330328853462582117e+01
4.334739173699909287e+01
4.339148169623881302e+01
4.343555851484954644e+01
4.347962229255154654e+01
4.352367312629662166e+01
4.356771111028547949e+01
4.361173633598645694e+01
4.365574889215566401e+01
4.369974886485838539e+01
4.374373633749175383e+01
4.378771139080865993e+01
4.383167410294277744e+01
4.387562454943466861e+01
4.391956280325903350e+01
4.396348893485287590e+01
4.400740301214463557e+01
4.405130510058430104e+01
4.409519526317428983e+01
4.413907356050121678e+01
4.418294005076840847e+01
4.422679478982914958e+01
4.427063783122061835e+01
4.431446922619847584e+01
4.435828902377203775e+01
4.440209727074004320e+01
4.444589401172692078e+01
4.448967928921956627e+01
4.453345314360452534e+01
4.457721561320565939e+01
4.462096673432211702e+01
4.466470654126669615e+01
4.470843506640449050e+01
4.475215234019181310e+01
4.479585839121536139e+01
4.483955324623158134e+01
4.488323693020627303e+01
4.492690946635421056e+01
4.497057087617905324e+01
4.501422117951317858e+01
4.505786039455771430e+01
4.510148853792251344e+01
4.514510562466617927e+01
4.518871166833609010e+01
4.523230668100832474e+01
4.527589067332758077e+01
4.531946365454697201e+01
4.536302563256771236e+01
4.540657661397871436e+01
4.545011660409595322e+01
4.549364560700173143e+01
4.553716362558368047e+01
4.558067066157364167e+01
4.562416671558618475e+01
4.566765178715700557e+01
4.571112587478099698e+01
4.575458897594999996e+01
4.579804108719034161e+01
4.584148220409998231e+01
4.588491232138538578e+01
4.592833143289799835e+01
4.597173953167042271e+01
4.601513660995217947e+01
4.605852265924513489e+01
4.610189767033845953e+01
4.614526163334326014e+01
4.618861453772677805e+01
4.623195637234611155e+01
4.627528712548156875e+01
4.631860678486955152e+01
4.636191533773499174e+01
4.640521277082329021e+01
4.644849907043187898e+01
4.649177422244120095e+01
4.653503821234529170e+01
4.657829102528183540e+01
4.662153264606173764e+01
4.666476305919820078e+01
4.670798224893528072e+01
4.675119019927600306e+01
4.679438689400984686e+01
4.683757231673985899e+01
4.688074645090911474e+01
4.692390927982678761e+01
4.696706078669358675e+01
4.701020095462671833e+01
4.705332976668434242e+01
4.709644720588946853e+01
4.713955325525333251e+01
4.718264789779825463e+01
4.722573111657994360e+01
4.726880289470931729e+01
4.731186321537374084e+01
4.735491206185775326e+01
4.739794941756332491e+01
4.744097526602949699e+01
4.748398959095154481e+01
4.752699237619962958e+01
4.756998360583689589e+01
4.761296326413709323e+01
4.765593133560160055e+01
4.769888780497605296e+01
4.774183265726636449e+01
4.778476587775426765e+01
4.782768745201239113e+01
4.787059736591874781e+01
4.791349560567081767e+01
4.795638215779909785e+01
4.799925700918012694e+01
4.804212014704911127e+01
4.808497155901196152e+01
4.812781123305695985e+01
4.817063915756587988e+01
4.821345532132466616e+01
4.825625971353365173e+01
4.829905232381732816e+01
4.834183314223363226e+01
4.838460215928282793e+01
4.842735936591591184e+01
4.847010475354259995e+01
4.851283831403888058e+01
4.855556003975416957e+01
4.859826992351796093e+01
4.864096795864619338e+01
4.868365413894710514e+01
4.872632845872673357e+01
4.876899091279400267e+01
4.881164149646546946e+01
4.885428020556959439e+01
4.889690703645074876e+01
4.893952198597275327e+01
4.898212505152211804e+01
4.902471623101090614e+01
4.906729552287925600e+01
4.910986292609752013e+01
4.915241844016812678e+01
4.919496206512707204e+01
4.923749380154507804e+01
4.928001365052849536e+01
4.932252161371980748e+01
4.936501769329792921e+01
4.940750189197810016e+01
4.944997421301155782e+01
4.949243466018493365e+01
4.953488323781934355e+01
4.957731995076916576e+01
4.961974480442066238e+01
4.966215780469025276e+01
4.970455895802254531e+01
4.974694827138817743e+01
4.978932575228134993e+01
4.983169140871717673e+01
4.987404524922880000e+01
4.991638728286427096e+01
4.995871751918321735e+01
5.000103596825332630e+01
5.004334264064660687e+01
5.008563754743546781e+01
5.012792070018861779e+01
5.017019211096673104e+01
5.021245179231804201e+01
5.025469975727364869e+01
5.029693601934273772e+01
5.033916059250762487e+01
5.038137349121862485e+01
5.042357473038882887e+01
5.046576432538866896e+01
5.050794229204043972e+01
5.055010864661255710e+01
5.059226340581387404e+01
5.063440658678769779e+01
5.067653820710583545e+01
5.071865828476244076e+01
5.076076683816781099e+01
5.080286388614207738e+01
5.084494944790878890e+01
5.088702354308842501e+01
5.092908619169183737e+01
5.097113741411357779e+01
5.101317723112520497e+01
5.105520566386849168e+01
5.109722273384858937e+01
5.113922846292712876e+01
5.118122287331524944e+01
5.122320598756662946e+01
5.126517782857044381e+01
5.130713841954427323e+01
5.134908778402698459e+01
5.139102594587162542e+01
5.143295292923821904e+01
5.147486875858662358e+01
5.151677345866928448e+01
5.155866705452401533e+01
5.160054957146682142e+01
5.164242103508462378e+01
5.168428147122802585e+01
5.172613090600412988e+01
5.176796936576923258e+01
5.180979687712167703e+01
5.185161346689461226e+01
5.189341916214880968e+01
5.193521399016550077e+01
5.197699797843922198e+01
5.201877115467067370e+01
5.206053354675965039e+01
5.210228518279797782e+01
5.214402609106244313e+01
5.218575630000785992e+01
5.222747583826004814e+01
5.226918473460897019e+01
5.231088301800183871e+01
5.235257071753630242e+01
5.239424786245366050e+01
5.243591448213217632e+01
5.247757060608035573e+01
5.251921626393038878e+01
5.256085148543156293e+01
5.260247630044378297e+01
5.264409073893114055e+01
5.268569483095555483e+01
5.272728860667044870e+01
5.276887209631453857e+01
5.281044533020566689e+01
5.285200833873469861e+01
5.289356115235951705e+01
5.293510380159906958e+01
5.297663631702747722e+01
5.301815872926829343e+01
5.305967106898872743e+01
5.310117336689405931e+01
5.314266565372204809e+01
5.318414796023746760e+01
5.322562031722671350e+01
5.326708275549253102e+01
5.330853530584872146e+01
5.334997799911506178e+01
5.339141086611222420e+01
5.343283393765682376e+01
5.347424724455652978e+01
5.351565081760528386e+01
5.355704468757861036e+01
5.359842888522898363e+01
5.363980344128131605e+01
5.368116838642851718e+01
5.372252375132717361e+01
5.376386956659328575e+01
5.380520586279811113e+01
5.384653267046409297e+01
5.388785002006090252e+01
5.392915794200153101e+01
5.397045646663850960e+01
5.401174562426020742e+01
5.405302544508723628e+01
5.409429595926890499e+01
5.413555719687982304e+01
5.417680918791656097e+01
5.421805196229438195e+01
5.425928554984414376e+01
5.430050998030918663e+01
5.434172528334239161e+01
5.438293148850329572e+01
5.442412862525530670e+01
5.446531672296299575e+01
5.450649581088949702e+01
5.454766591819398514e+01
5.458882707392922384e+01
5.462997930703924965e+01
5.467112264635709096e+01
5.471225712060261515e+01
5.475338275838040403e+01
5.479449958817779986e+01
5.483560763836297980e+01
5.487670693718308002e+01
5.491779751276251176e+01
5.495887939310122761e+01
5.499995260607319381e+01
5.504101717942486260e+01
5.508207314077371564e+01
5.512312051760699205e+01
5.516415933728033849e+01
5.520518962701667931e+01
5.524621141390507972e+01
5.528722472489970841e+01
5.532822958681887116e+01
5.536922602634414403e+01
5.541021407001952070e+01
5.545119374425068770e+01
5.549216507530435649e+01
5.553312808930765243e+01
5.557408281224756053e+01
5.561502926997049201e+01
5.565596748818185802e+01
5.569689749244574273e+01
5.573781930818461205e+01
5.577873296067914310e+01
5.581963847506803234e+01
5.586053587634797424e+01
5.590142518937354765e+01
5.594230643885733656e+01
5.598317964936997981e+01
5.602404484534030615e+01
5.606490205105558289e+01
5.610575129066171485e+01
5.614659258816362808e+01
5.618742596742557538e+01
5.622825145217157683e+01
5.626906906598588165e+01
5.630987883231347269e+01
5.635068077446064905e+01
5.639147491559560876e+01
5.643226127874912379e+01
5.647303988681521503e+01
5.651381076255189839e+01
5.655457392858200194e+01
5.659532940739392615e+01
5.663607722134254630e+01
5.667681739265012197e+01
5.671754994340717815e+01
5.675827489557355676e+01
5.679899227097936176e+01
5.683970209132601781e+01
5.688040437818738582e+01
5.692109915301078615e+01
5.696178643711822787e+01
5.700246625170751003e+01
5.704313861785342965e+01
5.708380355650903937e+01
5.712446108850683402e+01
5.716511123456006516e+01
5.720575401526405557e+01
5.724638945109744981e+01
5.728701756242362109e+01
5.732763836949199288e+01
5.736825189243945999e+01
5.740885815129173864e+01
5.744945716596482299e+01
5.749004895626640632e+01
5.753063354189733047e+01
5.757121094245304960e+01
5.761178117742512939e+01
5.765234426620268948e+01
5.769290022807395246e+01
5.773344908222775729e+01
5.777399084775503724e+01
5.781452554365042573e+01
5.785505318881371295e+01
5.789557380205146586e+01
5.793608740207854169e+01
5.797659400751967240e+01
5.801709363691099952e+01
5.805758630870167281e+01
5.809807204125540636e+01
5.813855085285204893e+01
5.817902276168916842e+01
5.821948778588360796e+01
5.825994594347311306e+01
5.830039725241781667e+01
5.834084173060190892e+01
5.838127939583512926e+01
5.842171026585437232e+01
5.846213435832523686e+01
5.850255169084361029e+01
5.854296228093716792e+01
5.858336614606697168e+01
5.862376330362897647e+01
5.866415377095560046e+01
5.870453756531718170e+01
5.874491470392358394e+01
5.878528520392561774e+01
5.882564908241659651e+01
5.886600635643380741e+01
5.890635704295997499e+01
5.894670115892473916e+01
5.898703872120611891e+01
5.902736974663191205e+01
5.906769425198116608e+01
5.910801225398559922e+01
5.914832376933094338e+01
5.918862881465838655e+01
5.922892740656592991e+01
5.926921956160973082e+01
5.930950529630546697e+01
5.934978462712962965e+01
5.939005757052088086e+01
5.943032414288128251e+01
5.947058436057763942e+01
5.951083823994272137e+01
5.955108579727648532e+01
5.959132704884734011e+01
5.963156201089333308e+01
5.967179069962332250e+01
5.971201313121815701e+01
5.975222932183184099e+01
5.979243928759260740e+01
5.983264304460411154e+01
5.987284060894644000e+01
5.991303199667722623e+01
5.995321722383267371e+01
5.999339630642862176e+01
6.003356926046148345e+01
6.007373610190931856e+01
6.011389684673273592e+01
6.015405151087588109e+01
6.019420011026732453e+01
6.023434266082099953e+01
6.027447917843702641e+01
6.031460967900264336e+01
6.035473417839303067e+01
6.039485269247206389e+01
6.043496523709318780e+01
6.047507182810014825e+01
6.051517248132775961e+01
6.055526721260263656e+01
6.059535603774387624e+01
6.063543897256378301e+01
6.067551603286850792e+01
6.071558723445870243e+01
6.075565259313013655e+01
6.079571212467429575e+01
6.083576584487898486e+01
6.087581376952884682e+01
6.091585591440591685e+01
6.095589229529014119e+01
6.099592292795984605e+01
6.103594782819225628e+01
6.107596701176389331e+01
6.111598049445103698e+01
6.115598829203012343e+01
6.119599042027812175e+01
6.123598689497292469e+01
6.127597773189367558e+01
6.131596294682110937e+01
6.135594255553783682e+01
6.139591657382865719e+01
6.143588501748079267e+01
6.147584790228415841e+01
6.151580524403158989e+01
6.155575705851901347e+01
6.159570336154570214e+01
6.163564416891436082e+01
6.167557949643132531e+01
6.171550935990670439e+01
6.175543377515445087e+01
6.179535275799250371e+01
6.183526632424282354e+01
6.187517448973146372e+01
6.191507727028861297e+01
6.195497468174862377e+01
6.199486673995003372e+01
6.203475346073549446e+01
6.207463485995183561e+01
6.211451095344992979e+01
6.215438175708470681e+01
6.219424728671504710e+01
6.223410755820368223e+01
6.227396258741712387e+01
6.231381239022550034e+01
6.235365698250244293e+01
6.239349638012492960e+01
6.243333059897313575e+01
6.247315965493024237e+01
6.251298356388226551e+01
6.255280234171780052e+01
6.259261600432787276e+01
6.263242456760564636e+01
6.267222804744621811e+01
6.271202645974635459e+01
6.275181982040420081e+01
6.279160814531905999e+01
6.283139145039100981e+01
6.287116975152071063e+01
6.291094306460900754e+01
6.295071140555663902e+01
6.299047479026392438e+01
6.303023323463038707e+01
6.306998675455441372e+01
6.310973536593289168e+01
6.314947908466087512e+01
6.318921792663113024e+01
6.322895190773381557e+01
6.326868104385606983e+01
6.330840535088157850e+01
6.334812484469020433e+01
6.338783954115753971e+01
6.342754945615450168e+01
6.346725460554690557e+01
6.350695500519496761e+01
6.354665067095294972e+01
6.358634161866864787e+01
6.362602786418295153e+01
6.366570942332941030e+01
6.370538631193373647e+01
6.374505854581332898e+01
6.378472614077683289e+01
6.382438911262364201e+01
6.386404747714340857e+01
6.390370125011557434e+01
6.394335044730886608e+01
6.398299508448082662e+01
6.402263517737729615e+01
6.406227074173193614e+01
6.410190179326568227e+01
6.414152834768633227e+01
6.418115042068795617e+01
6.422076802795044159e+01
6.426038118513895370e+01
6.429998990790348046e+01
6.433959421187826422e+01
6.437919411268131853e+01
6.441878962591395918e+01
6.445838076716023579e+01
6.449796755198646281e+01
6.453754999594066533e+01
6.457712811455219537e+01
6.461670192333102136e+01
6.465627143776744390e+01
6.469583667333142785e+01
6.473539764547220443e+01
6.477495436961770281e+01
6.481450686117409532e+01
6.485405513552527168e+01
6.489359920803238424e+01
6.493313909403333639e+01
6.497267480884228519e+01
6.501220636774915818e+01
6.505173378601922707e+01
6.509125707889251089e+01
6.513077626158343492e+01
6.517029134928026224e+01
6.520980235714471007e+01
6.524930930031138132e+01
6.528881219388742352e+01
6.532831105295196039e+01
6.536780589255573659e+01
6.540729672772063452e+01
6.544678357343923381e+01
6.548626644467434232e+01
6.552574535635865516e+01
6.556522032339420036e+01
6.560469136065208318e+01
6.564415848297190337e+01
6.568362170516147103e+01
6.572308104199632339e+01
6.576253650821939800e+01
6.580198811854059215e+01
6.584143588763635080e+01
6.588087983014938231e+01
6.592031996068818955e+01
6.595975629382678562e+01
6.599918884410425335e+01
6.603861762602443264e+01
6.607804265405560784e+01
6.611746394263008142e+01
6.615688150614391816e+01
6.619629535895660410e+01
6.623570551539066287e+01
6.627511198973144246e+01
6.631451479622673162e+01
6.635391394908650398e+01
6.639330946248259124e+01
6.643270135054845582e+01
6.647208962737883553e+01
6.651147430702950203e+01
6.655085540351707607e+01
6.659023293081865802e+01
6.662960690287164311e+01
6.666897733357343725e+01
6.670834423678128644e+01
6.674770762631203525e+01
6.678706751594184254e+01
6.682642391940603943e+01
6.686577685039890184e+01
6.690512632257346581e+01
6.694447234954134274e+01
6.698381494487247778e+01
6.702315412209509304e+01
6.706248989469540334e+01
6.710182227611757355e+01
6.714115127976342023e+01
6.718047691899241158e+01
6.721979920712146850e+01
6.725911815742483668e+01
6.729843378313394453e+01
6.733774609743733208e+01
6.737705511348056575e+01
6.741636084436603937e+01
6.745566330315297421e+01
6.749496250285731946e+01
6.753425845645165282e+01
6.757355117686510937e+01
6.761284067698332478e+01
6.765212696964843531e+01
6.769141006765892143e+01
6.773068998376966476e+01
6.776996673069182009e+01
6.780924032109290067e+01
6.784851076759667876e+01
6.788777808278318560e+01
6.792704227918872562e+01
6.796630336930583383e+01
6.800556136558331843e+01
6.804481628042630348e+01
6.808406812619615778e+01
6.812331691521059440e+01
6.816256265974368489e+01
6.820180537202590187e+01
6.824104506424413330e+01
6.828028174854173926e+01
6.831951543701869412e+01
6.835874614173151542e+01
6.839797387469344869e+01
6.843719864787442475e+01
6.847642047320125869e+01
6.851563936255767828e+01
6.855485532778438085e+01
6.859406838067923218e+01
6.863327853299722392e+01
6.867248579645075779e+01
6.871169018270957451e+01
6.875089170340100964e+01
6.879009037011007877e+01
6.882928619437953444e+01
6.886847918771009347e+01
6.890766936156056488e+01
6.894685672734792092e+01
6.898604129644748184e+01
6.902522308019311481e+01
6.906440208987731921e+01
6.910357833675141137e+01
6.914275183202568087e+01
6.918192258686960372e+01
6.922109061241194183e+01
6.926025591974097040e+01
6.929941851990461998e+01
6.933857842391070392e+01
6.937773564272706039e+01
6.941689018728176563e+01
6.945604206846334705e+01
6.949519129712092536e+01
6.953433788406444194e+01
6.957348184006488623e+01
6.961262317585445203e+01
6.965176190212680751e+01
6.969089802953722312e+01
6.973003156870287000e+01
6.976916253020297631e+01
6.980829092457908303e+01
6.984741676233524288e+01
6.988654005393823354e+01
6.992566080981785603e+01
6.996477904036702000e+01
7.000389475594211319e+01
7.004300796686318620e+01
7.008211868341412298e+01
7.012122691584298195e+01
7.016033267436215226e+01
7.019943596914862383e+01
7.023853681034422891e+01
7.027763520805582687e+01
7.031673117235564519e+01
7.035582471328145004e+01
7.039491584083678788e+01
7.043400456499126960e+01
7.047309089568076956e+01
7.051217484280773817e+01
7.055125641624135824e+01
7.059033562581785759e+01
7.062941248134073646e+01
7.066848699258102329e+01
7.070755916927750206e+01
7.074662902113695395e+01
7.078569655783445569e+01
7.082476178901359276e+01
7.086382472428667256e+01
7.090288537323505125e+01
7.094194374540931847e+01
7.098099985032953896e+01
7.102005369748557939e+01
7.105910529633725048e+01
7.109815465631461961e+01
7.113720178681822404e+01
7.117624669721936925e+01
7.121528939686027115e+01
7.125432989505439707e+01
7.129336820108666473e+01
7.133240432421366961e+01
7.137143827366396920e+01
7.141047005863826769e+01
7.144949968830968601e+01
7.148852717182400340e+01
7.152755251829985639e+01
7.156657573682903717e+01
7.160559683647662155e+01
7.164461582628130998e+01
7.168363271525559810e+01
7.172264751238600411e+01
7.176166022663329613e+01
7.180067086693274803e+01
7.183967944219432411e+01
7.187868596130289234e+01
7.191769043311850851e+01
7.195669286647652996e+01
7.199569327018792819e+01
7.203469165303944521e+01
7.207368802379382089e+01
7.211268239118997769e+01
7.215167476394329071e+01
7.219066515074570134e+01
7.222965356026600148e+01
7.226864000114997566e+01
7.230762448202060000e+01
7.234660701147832640e+01
7.238558759810112520e+01
7.242456625044481200e+01
7.246354297704314718e+01
7.250251778640807743e+01
7.254149068702983527e+01
7.258046168737726589e+01
7.261943079589785555e+01
7.265839802101798739e+01
7.269736337114305513e+01
7.273632685465774728e+01
7.277528847992607552e+01
7.281424825529163058e+01
7.285320618907769585e+01
7.289216228958744637e+01
7.293111656510409091e+01
7.297006902389099992e+01
7.300901967419190441e+01
7.304796852423096709e+01
7.308691558221305229e+01
7.312586085632372601e+01
7.316480435472951172e+01
7.320374608557796137e+01
7.324268605699782597e+01
7.328162427709916926e+01
7.332056075397346717e+01
7.335949549569383521e+01
7.339842851031500004e+01
7.343735980587359791e+01
7.347628939038810358e+01
7.351521727185912880e+01
7.355414345826939382e+01
7.359306795758389796e+01
7.363199077775004753e+01
7.367091192669771260e+01
7.370983141233934077e+01
7.374874924257007081e+01
7.378766542526786054e+01
7.382657996829348690e+01
7.386549287949071640e+01
7.390440416668637624e+01
7.394331383769042532e+01
7.398222190029605372e+01
7.402112836227972537e+01
7.406003323140134853e+01
7.409893651540421899e+01
7.413783822201519058e+01
7.417673835894471779e+01
7.421563693388692684e+01
7.425453395451965832e+01
7.429342942850455245e+01
7.433232336348709168e+01
7.437121576709670023e+01
7.441010664694675825e+01
7.444899601063464445e+01
7.448788386574182141e+01
7.452677021983384975e+01
7.456565508046050184e+01
7.460453845515570492e+01
7.464342035143765486e+01
7.468230077680884449e+01
7.472117973875607788e+01
7.476005724475049874e+01
7.479893330224768988e+01
7.483780791868760218e+01
7.487668110149466827e+01
7.491555285807778830e+01
7.495442319583037261e+01
7.499329212213029905e+01
7.503215964434006935e+01
7.507102576980668118e+01
7.510989050586172766e+01
7.514875385982141154e+01
7.518761583898651679e+01
7.522647645064243704e+01
7.526533570205920398e+01
7.530419360049148736e+01
7.534305015317858079e+01
7.538190536734440172e+01
7.542075925019756255e+01
7.545961180893125686e+01
7.549846305072338737e+01
7.553731298273643802e+01
7.557616161211758765e+01
7.561500894599859635e+01
7.565385499149589066e+01
7.569269975571049258e+01
7.573154324572804796e+01
7.577038546861879809e+01
7.580922643143756545e+01
7.584806614122379642e+01
7.588690460500141910e+01
7.592574182977898545e+01
7.596457782254952917e+01
7.600341259029063679e+01
7.604224613996437654e+01
7.608107847851727001e+01
7.611990961288030633e+01
