5.808363550465325117e-15
5.162033487500453533e-04
1.146817684327620457e-03
1.873538066433805185e-03
2.681155571205875738e-03
3.556874060753680965e-03
4.489881185164788270e-03
5.471027180505226052e-03
6.492565187075577740e-03
7.547935168253600696e-03
8.631582177123118746e-03
9.738802851035378849e-03
1.086561548887306390e-02
1.200864996936642712e-02
1.316505442155572678e-02
1.433241606951147183e-02
1.550869408698938266e-02
1.669216263768286829e-02
1.788136255980414882e-02
1.907506038935898388e-02
2.027221361530169921e-02
2.147194122667554078e-02
2.267349875351073671e-02
2.387625712261684172e-02
2.507968475160309713e-02
2.628333239049563883e-02
2.748682029393959350e-02
2.868982736966821379e-02
2.989208200199987286e-02
3.109335429444737287e-02
3.229344951441823902e-02
3.349220255538752633e-02
3.468947326029576950e-02
3.588514247334697455e-02
3.707910870788885815e-02
3.827128533506770486e-02
3.946159821243361981e-02
4.064998368439621396e-02
4.183638689652424691e-02
4.302076037498817063e-02
4.420306282954212379e-02
4.538325814540096481e-02
4.656131453425368938e-02
4.773720381958899972e-02
4.891090083512135422e-02
5.008238291889853533e-02
5.125162948754957010e-02
5.241862167853862664e-02
5.358334204938054735e-02
5.474577432498722862e-02
5.590590318556993427e-02
5.706371408851378113e-02
5.821919311908436978e-02
5.937232686523918196e-02
6.052310231275093849e-02
6.167150675749408922e-02
6.281752773206343565e-02
6.396115294453044720e-02
6.510237022735572421e-02
6.624116749486802513e-02
6.737753270788095217e-02
6.851145384442587638e-02
6.964291887547990889e-02
7.077191574496456694e-02
7.189843235335126315e-02
7.302245654419900478e-02
7.414397609321543570e-02
7.526297869943866792e-02
7.637945197814330345e-02
7.749338345521519789e-02
7.860476056277235224e-02
7.971357063571173074e-02
8.081980090925362792e-02
8.192343851705352620e-02
8.302447048988056966e-02
8.412288375493953696e-02
8.521866513537122712e-02
8.631180135019979327e-02
8.740227901449325321e-02
8.849008463977395267e-02
8.957520463448294390e-02
9.065762530473064906e-02
9.173733285496538103e-02
9.281431338890563931e-02
9.388855291034531314e-02
9.496003732411981146e-02
9.602875243701568253e-02
9.709468395872961066e-02
9.815781750279665985e-02
9.921813858751482584e-02
1.002756326368863249e-01
1.013302849814227830e-01
1.023820808591097836e-01
1.034310054161331344e-01
1.044770437076754932e-01
1.055201806986951624e-01
1.065604012646031024e-01
1.075976901919140083e-01
1.086320321788528248e-01
1.096634118359421511e-01
1.106918136864935287e-01
1.117172221671012683e-01
1.127396216280522334e-01
1.137589963336790577e-01
1.147753304627322224e-01
1.157886081085998109e-01
1.167988132795961809e-01
1.178059298990766779e-01
1.188099418056181855e-01
1.198108327530668094e-01
1.208085864105946650e-01
1.218031863626680422e-01
1.227946161089788352e-01
1.237828590643555993e-01
1.247678985585761319e-01
1.257497178361726697e-01
1.267283000561872097e-01
1.277036282918418697e-01
1.286756855302248759e-01
1.296444546718392155e-01
1.306099185302319055e-01
1.315720598314283896e-01
1.325308612134580011e-01
1.334863052257285188e-01
1.344383743283956989e-01
1.353870508917230098e-01
1.363323171953279289e-01
1.372741554274058140e-01
1.382125476839333733e-01
1.391474759678078543e-01
1.400789221879316093e-01
1.410068681582253014e-01
1.419312955966944567e-01
1.428521861243139679e-01
1.437695212639862885e-01
1.446832824393612382e-01
1.455934509736664939e-01
1.465000080884639178e-01
1.474029349023885382e-01
1.483022124297925237e-01
1.491978215793696994e-01
1.500897431527601911e-01
1.509779578430504587e-01
1.518624462332559821e-01
1.527431887947670874e-01
1.536201658856974073e-01
1.544933577492811350e-01
1.553627445120630279e-01
1.562283061822483110e-01
1.570900226477570938e-01
1.579478736744843181e-01
1.588018389042790135e-01
1.596518978530399591e-01
1.604980299086733453e-01
1.613402143290121049e-01
1.621784302397008548e-01
1.630126566320206083e-01
1.638428723606447923e-01
1.646690561413779730e-01
1.654911865487570521e-01
1.663092420137171901e-01
1.671232008211267217e-01
1.679330411072226525e-01
1.687387408571166814e-01
1.695402779021292772e-01
1.703376299171054098e-01
1.711307744177035517e-01
1.719196887575299426e-01
1.727043501253505420e-01
1.734847355421013648e-01
1.742608218579367041e-01
1.750325857491562553e-01
1.758000037151102313e-01
1.765630520749977006e-01
1.773217069646421118e-01
1.780759443331444425e-01
1.788257399395319081e-01
1.795710693493065280e-01
1.803119079308913575e-01
1.810482308520985351e-01
1.817800130764062050e-01
1.825072293592679418e-01
1.832298542442755140e-01
1.839478620593162361e-01
1.846612269125431915e-01
1.853699226884204521e-01
1.860739230435501101e-01
1.867732014025113851e-01
1.874677309535542069e-01
1.881574846442851945e-01
1.888424351771919307e-01
1.895225550051441443e-01
1.901978163267498134e-01
1.908681910817157101e-01
1.915336509459939218e-01
1.921941673269667583e-01
1.928497113584401734e-01
1.935002538956150098e-01
1.941457655099214641e-01
1.947862164837589338e-01
1.954215768051814628e-01
1.960518161624174027e-01
1.966769039383667039e-01
1.972968092049231792e-01
1.979115007172447260e-01
1.985209469079090572e-01
1.991251158809137778e-01
1.997239754056544525e-01
2.003174929107379987e-01
2.009056354776728170e-01
2.014883698344845098e-01
2.020656623492101123e-01
2.026374790232386425e-01
2.032037854845773761e-01
2.037645469809872822e-01
2.043197283729559777e-01
2.048692941266265222e-01
2.054132083065225156e-01
2.059514345681774938e-01
2.064839361506556614e-01
2.070106758688916582e-01
2.075316161059521103e-01
2.080467188051338678e-01
2.085559454618814701e-01
2.090592571156845159e-01
2.095566143416990879e-01
2.100479772423145541e-01
2.105333054385347125e-01
2.110125580612353668e-01
2.114856937422720240e-01
2.119526706054060960e-01
2.124134462571020399e-01
2.128679777771816661e-01
2.133162217093054480e-01
2.137581340512867689e-01
2.141936702452607311e-01
2.146227851676948128e-01
2.150454331192191981e-01
2.154615678142954016e-01
2.158711423707312949e-01
2.162741092990201341e-01
2.166704204914731702e-01
2.170600272112662432e-01
2.174428800811992468e-01
2.178189290723768212e-01
2.181881234926606183e-01
2.185504119749509810e-01
2.189057424652819384e-01
2.192540622107958248e-01
2.195953177474070650e-01
2.199294548874429767e-01
2.202564187069427359e-01
2.205761535329179845e-01
2.208886029303002985e-01
2.211937096888044185e-01
2.214914158095190044e-01
2.217816624913882262e-01
2.220643901174603196e-01
2.223395382409553145e-01
2.226070455711421370e-01
2.228668499590888141e-01
2.231188883831296266e-01
2.233630969342205175e-01
2.235994108011066239e-01
2.238277642552830016e-01
2.240480906357970592e-01
2.242603223338701102e-01
2.244643907773636315e-01
2.246602264150278916e-01
2.248477587006646183e-01
2.250269160770440036e-01
2.251976259597087415e-01
2.253598147206540281e-01
2.255134076717915936e-01
2.256583290483234194e-01
2.257945019919714025e-01
2.259218485340797611e-01
2.260402895786060296e-01
2.261497448849661973e-01
2.262501330508616959e-01
2.263413714949147892e-01
2.264233764393166481e-01
2.264960628923446129e-01
2.265593446308629688e-01
2.266131341827721801e-01
2.266573428094615372e-01
2.266918804881840888e-01
2.267166558945375721e-01
2.267315763848998800e-01
2.267365479789436311e-01
2.267314753422426943e-01
2.267162617689135462e-01
2.266908091644567469e-01
2.266550180286643068e-01
2.266087874387733847e-01
2.265520150327542115e-01
2.264845969929062119e-01
2.264064280296618492e-01
2.263174013657348327e-01
2.262174087206138551e-01
2.261063402954203716e-01
2.259840847582214041e-01
2.258505292298092215e-01
2.257055592700109026e-01
2.255490588645732986e-01
2.253809104126806018e-01
2.252009947152037173e-01
2.250091909636199317e-01
2.248053767298670014e-01
2.245894279569996266e-01
2.243612189508617794e-01
2.241206223727799929e-01
2.238675092334081740e-01
2.236017488877621306e-01
2.233232090315950824e-01
2.230317556991400774e-01
2.227272532623985890e-01
2.224095644320283893e-01
2.220785502599671168e-01
2.217340701439048656e-01
2.213759818337552587e-01
2.210041414402357796e-01
2.206184034456919185e-01
2.202186207173366939e-01
2.198046445230646406e-01
2.193763245499739944e-01
2.189335089257983258e-01
2.184760442434368066e-01
2.180037755887078710e-01
2.175165465716381030e-01
2.170141993613855513e-01
2.164965747251088035e-01
2.159635120709204603e-01
2.154148494952563830e-01
2.148504238348651896e-01
2.142700707236840085e-01
2.136736246548719964e-01
2.130609190483528648e-01
2.124317863240536564e-01
2.117860579812707866e-01
2.111235646844057401e-01
2.104441363554949984e-01
2.097476022737766455e-01
2.090337911827880035e-01
2.083025314053185972e-01
2.075536509665743823e-01
2.067869777260986641e-01
2.060023395187142170e-01
2.051995643050823492e-01
2.043784803322589161e-01
2.035389163047061356e-01
2.026807015663479317e-01
2.018036662940656534e-01
2.009076417032192308e-01
1.999924602657355277e-01
1.990579559412469779e-01
1.981039644219418361e-01
1.971303233916084363e-01
1.961368727995297656e-01
1.951234551497622871e-01
1.940899158064906538e-01
1.930361033159692652e-01
1.919618697457626810e-01
1.908670710418430561e-01
1.897515674042308254e-01
1.886152236817260353e-01
1.874579097864384758e-01
1.862795011286835500e-01
1.850798790728263310e-01
1.838589314147435483e-01
1.826165528813987748e-01
1.813526456531083797e-01
1.800671199090564112e-01
1.787598943964816278e-01
1.774308970240328354e-01
1.760800654797010090e-01
1.747073478736174412e-01
1.733127034060773231e-01
1.718961030609790497e-01
1.704575303247830576e-01
1.689969819310941646e-01
1.675144686307879494e-01
1.660100159875317061e-01
1.644836651983998255e-01
1.629354739391993823e-01
1.613655172339096278e-01
1.597738883475505189e-01
1.581606997015360672e-01
1.565260838104561292e-01
1.548701942389843489e-01
1.531932065774071483e-01
1.514953194339786202e-01
1.497767554421634562e-01
1.480377622804439630e-01
1.462786137021230282e-01
1.444996105722888002e-01
1.427010819087468907e-01
1.408833859233707686e-01
1.390469110600170977e-01
1.371920770247846422e-01
1.353193358039754268e-01
1.334291726647639509e-01
1.315221071331824365e-01
1.295986939436100105e-01
1.276595239535498194e-01
1.257052250170779539e-01
1.237364628099419106e-01
1.217539415988392187e-01
1.197584049471146495e-01
1.177506363486255231e-01
1.157314597812616613e-01
1.137017401712324682e-01
1.116623837589881402e-01
1.096143383573070229e-01
1.075585934919950637e-01
1.054961804154204846e-01
1.034281719830474899e-01
1.013556823831213288e-01
9.927986670974399408e-02
9.720192036976844918e-02
9.512307831412311621e-02
9.304461408465321270e-02
9.096783866797772400e-02
8.889409914852870742e-02
8.682477715361396065e-02
8.476128708431404646e-02
8.270507412694849680e-02
8.065761204109579696e-02
7.862040072137231606e-02
7.659496353174762018e-02
7.458284441263912656e-02
7.258560476285989826e-02
7.060482010036479850e-02
6.864207650763531898e-02
6.669896686978275813e-02
6.477708691550110309e-02
6.287803107338507669e-02
6.100338815833051404e-02
5.915473690520833827e-02
5.733364136916863779e-02
5.554164621443564293e-02
5.378027191550260877e-02
5.205100989688682400e-02
5.035531763958897566e-02
4.869461378415193553e-02
4.707027326188508581e-02
4.548362248714751810e-02
4.393593464464209952e-02
4.242842510640195547e-02
4.096224701353586017e-02
3.953848705783716277e-02
3.815816149789511003e-02
3.682221244357213735e-02
3.553150444140801972e-02
3.428682139188542893e-02
3.308886382729515213e-02
3.193824657639736386e-02
3.083549683918010431e-02
2.978105269166379104e-02
2.877526203696302229e-02
2.781838201501773966e-02
2.691057887907488677e-02
2.605192834263859655e-02
2.524241639613128765e-02
2.448194058798901923e-02
2.377031176012551691e-02
2.310725622355466746e-02
2.249241835535168224e-02
2.192536359412509961e-02
2.140558180739418961e-02
2.093249100068067872e-02
2.050544133510212585e-02
2.012371941755946789e-02
1.978655282553125686e-02
1.949311482673575860e-02
1.924252925281738288e-02
1.903387548572631552e-02
1.886619351530773731e-02
1.873848902710191847e-02
1.864973848044556778e-02
1.859889413828329577e-02
1.858488901211520494e-02
1.860664168772888441e-02
1.866306100004644364e-02
1.875305052828431587e-02
1.887551288582001857e-02
1.902935378248912096e-02
1.921348584043147331e-02
1.942683214808780048e-02
1.966832954054877070e-02
1.993693159765236311e-02
2.023161135482073186e-02
2.055136372458356980e-02
2.089520762984113655e-02
2.126218785262880967e-02
2.165137660471598557e-02
2.206187482861135182e-02
2.249281323949961151e-02
2.294335312036734770e-02
2.341268688405396745e-02
2.390003841691725958e-02
2.440466321987750861e-02
2.492584836303456119e-02
2.546291227052676145e-02
2.601520435225682451e-02
2.658210449930124494e-02
2.716302245920251476e-02
2.775739710721006684e-02
2.836469562876635375e-02
2.898441262793734555e-02
2.961606917564206867e-02
3.025921181070955965e-02
3.091341150585564732e-02
3.157826260968416704e-02
3.225338177486640479e-02
3.293840688173226006e-02
3.363299596540619135e-02
3.433682615375429487e-02
3.504959262249218721e-02
3.577100757293334710e-02
3.650079923689323463e-02
3.723871091270716804e-02
3.798450003544806552e-02
3.873793728363032762e-02
3.949880572445069876e-02
4.026689999866149561e-02
4.104202554589069657e-02
4.182399787077666770e-02
4.261264184974285912e-02
4.340779107813264731e-02
4.420928725693222539e-02
4.501697961812900495e-02
4.583072438765979639e-02
4.665038428451394326e-02
4.747582805471202427e-02
4.830693003845090705e-02
4.914356976900600971e-02
4.998563160159656682e-02
5.083300437066066990e-02
5.168558107381006350e-02
5.254325858084836487e-02
5.340593736622075566e-02
5.427352126328802151e-02
5.514591723898987913e-02
5.602303518725013781e-02
5.690478773991112377e-02
5.779109009367848493e-02
5.868185985185834369e-02
5.957701687976353633e-02
6.047648317246934191e-02
6.138018273405139447e-02
6.228804146713476375e-02
6.319998707199331323e-02
6.411594895417731255e-02
6.503585813997947440e-02
6.595964719903010809e-02
6.688725017318769561e-02
6.781860251134268214e-02
6.875364100934736045e-02
6.969230375467093397e-02
7.063453007533050665e-02
7.158026049259834378e-02
7.252943667711496400e-02
7.348200140812106984e-02
7.443789853544534318e-02
7.539707294393238612e-02
7.635947052013625225e-02
7.732503812099472684e-02
7.829372354431601844e-02
7.926547550087260918e-02
8.024024358792375411e-02
8.121797826411292220e-02
8.219863082550608879e-02
8.318215338266513048e-02
8.416849883883995020e-02
8.515762086883366111e-02
8.614947389892858853e-02
8.714401308729709250e-02
8.814119430532670052e-02
8.914097411942466243e-02
9.014330977349155338e-02
9.114815917188448524e-02
9.215548086294900187e-02
9.316523402299836665e-02
9.417737844076706777e-02
9.519187450226623826e-02
9.620868317610596632e-02
9.722776599913628137e-02
9.824908506255394802e-02
9.927260299829744616e-02
1.002982829658159852e-01
1.013260886392134685e-01
1.023559841946724835e-01
1.033879342982263749e-01
1.044219040938292181e-01
1.054578591917581937e-01
1.064957656572511902e-01
1.075355899995183023e-01
1.085772991609466748e-01
1.096208605066809894e-01
1.106662418143810611e-01
1.117134112642988730e-01
1.127623374296038428e-01
1.138129892669628856e-01
1.148653361073689871e-01
1.159193476472120260e-01
1.169749939395900856e-01
1.180322453858470982e-01
1.190910727273565561e-01
1.201514470375022875e-01
1.212133397139086854e-01
1.222767224708617845e-01
1.233415673319557954e-01
1.244078466228966118e-01
1.254755329645875495e-01
1.265445992663477015e-01
1.276150187193020868e-01
1.286867647900275247e-01
1.297598112143173721e-01
1.308341319911535405e-01
1.319097013768372739e-01
1.329864938792702234e-01
1.340644842524421065e-01
1.351436474910058527e-01
1.362239588250875599e-01
1.373053937152060033e-01
1.383879278472928687e-01
1.394715371279535709e-01
1.405561976797401469e-01
1.416418858367068934e-01
1.427285781399357800e-01
1.438162513333209602e-01
1.449048823593740709e-01
1.459944483552411965e-01
1.470849266487265772e-01
1.481762947545358089e-01
1.492685303705702515e-01
1.503616113742738125e-01
1.514555158192505968e-01
1.525502219317513564e-01
1.536457081074736053e-01
1.547419529082853240e-01
1.558389350591684597e-01
1.569366334451150480e-01
1.580350271082856251e-01
1.591340952450394641e-01
1.602338172032272134e-01
1.613341724794518650e-01
1.624351407164369987e-01
1.635367017004901169e-01
1.646388353589839371e-01
1.657415217579754352e-01
1.668447410997768166e-01
1.679484737207528333e-01
1.690527000890250653e-01
1.701574008023534756e-01
1.712625565859626497e-01
1.723681482905383144e-01
1.734741568902242459e-01
1.745805634806266438e-01
1.756873492769775447e-01
1.767944956122406708e-01
1.779019839353440935e-01
1.790097958093956054e-01
1.801179129100297371e-01
1.812263170236667054e-01
1.823349900459649287e-01
1.830777194125192131e-01
1.834338991944922392e-01
1.837718451022510302e-01
1.840927132279529532e-01
1.843977292977418969e-01
1.846880881467212188e-01
1.849649285660750209e-01
1.852293284371866189e-01
1.854823052985479781e-01
1.857248183401077612e-01
1.859577707446164463e-01
1.861820120836619741e-01
1.863983406881254135e-01
1.866075059698465710e-01
1.868102106865910106e-01
1.870071131465856906e-01
1.871988293502612477e-01
1.873859350672558155e-01
1.875689678472847732e-01
1.877484289636969228e-01
1.879247852889911197e-01
1.880984711018368338e-01
1.882698898255663056e-01
1.884394156983142110e-01
1.886073953753586441e-01
1.887741494644150086e-01
1.889399739949599311e-01
1.891051418226891434e-01
1.892723426465141023e-01
1.894412026487941880e-01
1.896136592904825724e-01
1.897901043552659150e-01
1.899709380262805114e-01
1.901565839277094550e-01
1.903475077066106580e-01
1.905442401015608744e-01
1.907474060937082161e-01
1.909577624809650764e-01
1.911762472769844845e-01
1.914040459428032193e-01
1.916426819622951971e-01
1.918941432678068770e-01
1.921610625624317892e-01
1.924469805927139787e-01
1.927567405400263945e-01
1.930873443031550507e-01
1.934310623558899711e-01
1.937881018634079189e-01
1.941582842268108899e-01
1.945409041888055413e-01
1.949345824778665748e-01
1.953371181598313744e-01
1.957453608082383167e-01
1.961551293897935144e-01
1.965612094341993299e-01
1.969574595834757968e-01
1.973370501626933726e-01
1.976928386295154771e-01
1.980178612193330689e-01
1.983137817831618910e-01
1.986059952985421151e-01
1.988970423439837543e-01
1.991870052354059450e-01
1.994759665808232274e-01
1.997640074862547244e-01
2.000512071040331241e-01
2.003376425389646331e-01
2.006233888476327276e-01
2.009085190604813220e-01
2.011931042082420740e-01
2.014772133483344885e-01
2.017609135903873363e-01
2.020442701210526382e-01
2.023273462282477175e-01
2.026102033251479251e-01
2.028929009740950695e-01
2.031754969105254160e-01
2.034580470670284413e-01
2.037406055976581920e-01
2.040232249024438449e-01
2.043059556521943931e-01
2.045888468135648453e-01
2.048719456744163836e-01
2.051552978694408391e-01
2.054389474060108745e-01
2.057229366903058354e-01
2.060073065535968917e-01
2.062920962787734569e-01
2.065773436269734142e-01
2.068630848643971953e-01
2.071493547892021836e-01
2.074361867584954555e-01
2.077236127153861966e-01
2.080116632160713408e-01
2.083003674569327002e-01
2.085897533016406180e-01
2.088798473082061347e-01
2.091706747559977653e-01
2.094622596726987140e-01
2.097546248611446285e-01
2.100477919260913540e-01
2.103417813008343629e-01
2.106366122737246271e-01
2.109323030144818478e-01
2.112288706004014360e-01
2.115263310423501630e-01
2.118246993105570575e-01
2.121239893602442916e-01
2.124242141570215625e-01
2.127253857020441619e-01
2.130275150569797549e-01
2.133306123686861400e-01
2.136346868936847831e-01
2.139397470223443898e-01
2.142458003028167579e-01
2.145528534646992114e-01
2.148609124424367689e-01
2.151699823984045135e-01
2.154800677457351654e-01
2.157911721708513642e-01
2.161032986556845614e-01
2.164164494996237975e-01
2.167306263411179768e-01
2.170458301790182121e-01
2.173620613935729196e-01
2.176793197671380575e-01
2.179976045045492472e-01
2.183169142531798390e-01
2.186372471227174263e-01
2.189586007045626059e-01
2.192809720909574267e-01
2.196043578937460494e-01
2.199287542628530490e-01
2.202541569044151881e-01
2.205805610986032173e-01
2.209079617170976451e-01
2.212363532402646660e-01
2.215657297739901388e-01
2.218960850662180795e-01
2.222274125231189223e-01
2.225597052249900787e-01
2.228929559418016404e-01
2.232271571484268635e-01
2.235623010395555443e-01
2.238983795443167391e-01
2.242353843405260339e-01
2.245733068686890377e-01
2.249121383456419154e-01
2.252518697779061496e-01
2.255924919747196999e-01
2.259339955607828632e-01
2.262763709886622676e-01
2.266196085509697422e-01
2.269636983921241302e-01
2.273086305199473744e-01
2.276543948168606724e-01
2.280009810508312196e-01
2.283483788860665165e-01
2.286965778933421345e-01
2.290455675601298924e-01
2.293953373003697060e-01
2.297458764640331330e-01
2.300971743463591235e-01
2.304492201968537657e-01
2.308020032280149736e-01
2.311555126237576363e-01
2.315097375476502795e-01
2.318646671508202417e-01
2.322202905796418304e-01
2.325765969831808389e-01
2.329335755203606473e-01
2.332912153669108035e-01
2.336495057220625560e-01
2.340084358150256172e-01
2.343679949111782956e-01
2.347281723181114943e-01
2.350889573913730601e-01
2.354503395400275589e-01
2.358123082319838748e-01
2.361748529991134216e-01
2.365379634421544142e-01
2.369016292354018116e-01
2.372658401312045251e-01
2.376305859642645069e-01
2.379958566557143773e-01
2.383616422170213300e-01
2.387279327537222551e-01
2.390947184689138361e-01
2.394619896666264902e-01
2.398297367549701298e-01
2.401979502491341512e-01
2.405666207742117590e-01
2.409357390678330546e-01
2.413052959826743893e-01
2.416752824887700157e-01
2.420456896756955356e-01
2.424165087545859798e-01
2.427877310599864669e-01
2.431593480515896466e-01
2.435313513158224308e-01
2.439037325672729073e-01
2.442764836500010972e-01
2.446495965387162075e-01
2.450230633398172986e-01
2.453968762923097735e-01
2.457710277686159794e-01
2.461455102752403423e-01
2.465203164533417146e-01
2.468954390791871789e-01
2.472708710644806740e-01
2.476466054566174024e-01
2.480226354388150034e-01
2.483989543301407810e-01
2.487755555854561929e-01
2.491524327952707174e-01
2.495295796854858361e-01
2.499069901170746788e-01
2.502846580856591951e-01
2.506625777210067518e-01
2.510407432864807942e-01
2.514191491783567822e-01
2.517977899251290230e-01
2.521766601866829993e-01
2.525557547534758029e-01
2.529350685455659664e-01
2.533145966116557846e-01
2.536943341280291642e-01
2.540742763974525587e-01
2.544544188480048486e-01
2.548347570318750255e-01
2.552152866240953166e-01
2.555960034212293452e-01
2.559769033400162708e-01
2.563579824159814002e-01
2.567392368019860704e-01
2.571206627667568245e-01
2.575022566933620749e-01
2.578840150776878226e-01
2.582659345268195628e-01
2.586480117574667670e-01
2.590302435943002690e-01
2.594126269682981434e-01
2.597951589150517271e-01
2.601778365730517129e-01
2.605606571819531481e-01
2.609436180808296646e-01
2.613267167063930696e-01
2.617099505912147128e-01
2.620933173619140466e-01
2.624768147373616189e-01
2.628604405268355482e-01
2.632441926282129141e-01
2.636280690260927595e-01
2.640120677899772117e-01
2.643961870724069185e-01
2.647804251071044779e-01
2.651647802071043780e-01
2.655492507629096388e-01
2.659338352406032668e-01
2.663185321800200511e-01
2.667033401928499137e-01
2.670882579608218621e-01
2.674732842338160554e-01
2.678584178280440375e-01
2.682436576241917781e-01
2.686290025655967972e-01
2.690144516564281219e-01
2.694000039598627994e-01
2.697856585962766229e-01
2.701714147414739364e-01
2.705572716248785259e-01
2.709432285277813546e-01
2.713292847815855779e-01
2.717154397660503373e-01
2.721016929075859014e-01
2.724880436775177772e-01
2.728744915904139923e-01
2.732610362023959460e-01
2.736476771094693006e-01
2.740344139458962269e-01
2.744212463825626558e-01
2.748081741253651233e-01
2.751951969136408604e-01
2.755823145185790080e-01
2.759695267416896747e-01
2.763568334132736060e-01
2.767442343909164992e-01
2.771317295579898698e-01
2.775193188222144780e-01
2.779070021141921143e-01
2.782947793860163221e-01
2.786826506098470935e-01
2.790706157765560080e-01
2.794586748943573840e-01
2.798468279875112596e-01
2.802350750949803571e-01
2.806234162691875755e-01
2.810118515747184187e-01
2.814003810871268385e-01
2.817890048916992241e-01
2.821777230822695159e-01
2.825665357600714578e-01
2.829554430325947889e-01
2.833444450124625313e-01
2.837335418163487999e-01
2.841227335639202600e-01
2.845120203767753098e-01
2.849014023774456006e-01
2.852908796883966147e-01
2.856804524310526117e-01
2.860701207248605993e-01
2.864598846863580794e-01
2.868497444282943065e-01
2.872397000587282312e-01
2.876297516802058252e-01
2.880198993889181436e-01
2.884101432739071269e-01
2.888004834162753998e-01
2.891909198884394794e-01
2.895814527533884797e-01
2.899720820639891672e-01
2.903628078622686459e-01
2.907536301787744804e-01
2.911445490319316542e-01
2.915355644273969205e-01
2.919266763574864254e-01
2.923178848005876240e-01
2.927091897205937321e-01
2.931005910663931346e-01
2.934920887713280413e-01
2.938836827527246953e-01
2.942753729114035988e-01
2.946671591312424732e-01
2.950590412787274519e-01
2.954510192025667781e-01
2.958430927332684202e-01
2.962352616827944596e-01
2.966275258441831153e-01
2.970198849912380479e-01
2.974123388781869659e-01
2.978048872393977420e-01
2.981975297891107934e-01
2.985902662211397662e-01
2.989830962086691968e-01
2.993760194039873923e-01
2.997690354383137912e-01
3.001621439215708675e-01
3.005553444422304765e-01
3.009486365671250052e-01
3.013420198413344631e-01
3.017354937880313281e-01
3.021290579083695249e-01
3.025227116813914985e-01
3.029164545639280171e-01
3.033102859905437709e-01
3.037042053734522740e-01
3.040982121024998763e-01
3.044923055451268512e-01
3.048864850463302578e-01
3.052807499286791515e-01
3.056750994923139175e-01
3.060695330149650895e-01
3.064640497519870443e-01
3.068586489363955838e-01
3.072533297789348805e-01
3.076480914681135603e-01
3.080429331703130047e-01
3.084378540298552962e-01
3.088328531691112988e-01
3.092279296885766526e-01
3.096230826670357539e-01
3.100183111616389708e-01
3.104136142080703431e-01
3.108089908206719265e-01
3.112044399925993909e-01
3.115999606959868884e-01
3.119955518821108109e-01
3.123912124815474423e-01
3.127869414043930596e-01
3.131827375404180325e-01
3.135785997592791530e-01
3.139745269107271364e-01
3.143705178247943044e-01
3.147665713120289532e-01
3.151626861637205623e-01
3.155588611521095710e-01
3.159550950306256323e-01
3.163513865341379128e-01
3.167477343791719746e-01
3.171441372641782830e-01
3.175405938697778430e-01
3.179371028590128323e-01
3.183336628776073374e-01
3.187302725542366377e-01
3.191269305007841117e-01
3.195236353126244544e-01
3.199203855688828591e-01
3.203171798327121289e-01
3.207140166515914936e-01
3.211108945575776308e-01
3.215078120676073681e-01
3.219047676837855088e-01
3.223017598936617212e-01
3.226987871705188082e-01
3.230958479736759648e-01
3.234929407487673880e-01
3.238900639280397065e-01
3.242872159306579016e-01
3.246843951629780345e-01
3.250816000188667676e-01
3.254788288799747575e-01
3.258760801160503484e-01
3.262733520852332258e-01
3.266706431343350259e-01
3.270679515991621877e-01
3.274652758047911227e-01
3.278626140658730814e-01
3.282599646869285848e-01
3.286573259626444643e-01
3.290546961781605217e-01
3.294520736093622393e-01
3.298494565231840370e-01
3.302468431778882163e-01
3.306442318233548949e-01
3.310416207013811563e-01
3.314390080459507781e-01
3.318363920835254999e-01
3.322337710333330696e-01
3.326311431076430236e-01
3.330285065120391907e-01
3.334258594457124580e-01
3.338232001017190087e-01
3.342205266672588770e-01
3.346178373239502846e-01
3.350151302480859350e-01
3.354124036109074058e-01
3.358096555788687709e-01
3.362068843138859009e-01
3.366040879736029723e-01
3.370012647116387150e-01
3.373984126778439285e-01
3.377955300185478404e-01
3.381926148767996909e-01
3.385896653926157018e-01
3.389866797032153878e-01
3.393836559432562572e-01
3.397805922450665150e-01
3.401774867388787094e-01
3.405743375530576600e-01
3.409711428142989664e-01
3.413679006478826938e-01
3.417646091778760997e-01
3.421612665273277565e-01
3.425578708184953691e-01
3.429544201730583830e-01
3.433509127122935656e-01
3.437473465572983833e-01
3.441437198291583122e-01
3.445400306491772091e-01
3.449362771390122595e-01
3.453324574209145625e-01
3.457285696178558076e-01
3.461246118537361638e-01
3.465205822535594171e-01
3.469164789435691953e-01
3.473123000514554692e-01
3.477080437064829499e-01
3.481037080396651162e-01
3.484992911839172036e-01
3.488947912741920954e-01
3.492902064476488544e-01
3.496855348437761801e-01
3.500807746045396796e-01
3.504759238745143168e-01
3.508709808010180287e-01
3.512659435342394554e-01
3.516608102273613423e-01
3.520555790366783344e-01
3.524502481217140493e-01
3.528448156453333762e-01
3.532392797738684864e-01
3.536336386771975482e-01
3.540278905288587463e-01
3.544220335061536997e-01
3.548160657902486026e-01
3.552099855662481098e-01
3.556037910232935362e-01
3.559974803546457900e-01
3.563910517577654757e-01
3.567845034344083177e-01
3.571778335906676261e-01
3.575710404370760487e-01
3.579641221886485924e-01
3.583570770649766590e-01
3.587499032902629614e-01
3.591425990933903578e-01
3.595351627079806378e-01
3.599275923724484239e-01
3.603198863300350885e-01
3.607120428288810854e-01
3.611040601220398272e-01
3.614959364675418008e-01
3.618876701284242103e-01
3.622792593727624522e-01
3.626707024736966489e-01
3.630619977094797779e-01
3.634531433634841657e-01
3.638441377242414010e-01
3.642349790854448877e-01
3.646256657459949202e-01
3.650161960099814751e-01
3.654065681867235682e-01
3.657967805907731407e-01
3.661868315419131714e-01
3.665767193651786604e-01
3.669664423908644002e-01
3.673559989544954441e-01
3.677453873968579701e-01
3.681346060639903994e-01
3.685236533071673537e-01
3.689125274829013756e-01
3.693012269529297731e-01
3.696897500842092898e-01
3.700780952488914588e-01
3.704662608243240451e-01
3.708542451930196826e-01
3.712420467426497672e-01
3.716296638660001594e-01
3.720170949609907241e-01
3.724043384306062188e-01
3.727913926829036217e-01
3.731782561309638369e-01
3.735649271928840887e-01
3.739514042917235770e-01
3.743376858554940401e-01
3.747237703171149015e-01
3.751096561143842933e-01
3.754953416899340923e-01
3.758808254912163194e-01
3.762661059704235922e-01
3.766511815845020039e-01
3.770360507950682449e-01
3.774207120683926164e-01
3.778051638753467389e-01
3.781894046913677476e-01
3.785734329963973410e-01
3.789572472748514165e-01
3.793408460155892614e-01
3.797242277118241804e-01
3.801073908611067309e-01
3.804903339652856431e-01
3.808730555304205012e-01
3.812555540667689202e-01
3.816378280887205432e-01
3.820198761147450828e-01
3.824016966673439710e-01
3.827832882730005659e-01
3.831646494621209209e-01
3.835457787689954268e-01
3.839266747317242601e-01
3.843073358921825222e-01
3.846877607959534040e-01
3.850679479922938797e-01
3.854478960340514959e-01
3.858276034776349506e-01
3.862070688829400411e-01
3.865862908133169684e-01
3.869652678354934539e-01
3.873439985195366031e-01
3.877224814387759122e-01
3.881007151697816737e-01
3.884786982922758258e-01
3.888564293891029200e-01
3.892339070461570127e-01
3.896111298523342037e-01
3.899880963994809546e-01
3.903648052823333048e-01
3.907412550984711297e-01
3.911174444482525270e-01
3.914933719347623020e-01
3.918690361637743313e-01
3.922444357436724593e-01
3.926195692854180797e-01
3.929944354024865194e-01
3.933690327108166906e-01
3.937433598287628511e-01
3.941174153770484190e-01
3.944911979786808742e-01
3.948647062589566437e-01
3.952379388453604037e-01
3.956108943675497591e-01
3.959835714572774168e-01
3.963559687483748650e-01
3.967280848766618906e-01
3.970999184799471893e-01
3.974714681979416020e-01
3.978427326722281943e-01
3.982137105462258408e-01
3.985844004651168948e-01
3.989548010758291463e-01
3.993249110269770363e-01
3.996947289688206895e-01
4.000642535532303867e-01
4.004334834336232274e-01
4.008024172649568007e-01
4.011710537036538016e-01
4.015393914075770510e-01
4.019074290359962998e-01
4.022751652495353270e-01
4.026425987101461823e-01
4.030097280810620020e-01
4.033765520267718063e-01
4.037430692129709286e-01
4.041092783065392546e-01
4.044751779754967580e-01
4.048407668889796862e-01
4.052060437172015361e-01
4.055710071314121978e-01
4.059356558038929585e-01
4.062999884079026569e-01
4.066640036176500383e-01
4.070277001082805435e-01
4.073910765558306224e-01
4.077541316372182423e-01
4.081168640301943706e-01
4.084792724133429198e-01
4.088413554660244031e-01
4.092031118683895907e-01
4.095645403013297159e-01
4.099256394464603770e-01
4.102864079861032187e-01
4.106468446032551789e-01
4.110069479815944837e-01
4.113667168054190859e-01
4.117261497596740316e-01
4.120852455299021111e-01
4.124440028022371973e-01
4.128024202633933659e-01
4.131604966006354185e-01
4.135182305017823801e-01
4.138756206551809091e-01
4.142326657496978037e-01
4.145893644747043472e-01
4.149457155200659275e-01
4.153017175761383184e-01
4.156573693337414221e-01
4.160126694841647099e-01
4.163676167191582844e-01
4.167222097309136730e-01
4.170764472120705446e-01
4.174303278557003893e-01
4.177838503552950833e-01
4.181370134047850962e-01
4.184898156985199513e-01
4.188422559312522941e-01
4.191943327981542677e-01
4.195460449948216763e-01
4.198973912172410672e-01
4.202483701618170975e-01
4.205989805253557146e-01
4.209492210050742034e-01
4.212990902986126218e-01
4.216485871039928890e-01
4.219977101196733527e-01
4.223464580445130956e-01
4.226948295778020781e-01
4.230428234192348813e-01
4.233904382689482326e-01
4.237376728275003557e-01
4.240845257958890113e-01
4.244309958755543843e-01
4.247770817683838573e-01
4.251227821767212256e-01
4.254680958033730809e-01
4.258130213516174156e-01
4.261575575252045112e-01
4.265017030283845267e-01
4.268454565658985622e-01
4.271888168429903709e-01
4.275317825654288417e-01
4.278743524395011155e-01
4.282165251720403965e-01
4.285582994704266735e-01
4.288996740426027077e-01
4.292406475970769741e-01
4.295812188429584122e-01
4.299213864899398274e-01
4.302611492483340294e-01
4.306005058290754417e-01
4.309394549437421396e-01
4.312779953045539627e-01
4.316161256244147038e-01
4.319538446168983414e-01
4.322911509962696908e-01
4.326280434775231498e-01
4.329645207763727077e-01
4.333005816092625473e-01
4.336362246934125642e-01
4.339714487468132598e-01
4.343062524882386199e-01
4.346406346372798657e-01
4.349745939143466189e-01
4.353081290406939363e-01
4.356412387384248630e-01
4.359739217305281800e-01
4.363061767408796254e-01
4.366380024942665972e-01
4.369693977164053056e-01
4.373003611339493779e-01
4.376308914745233869e-01
4.379609874667256264e-01
4.382906478401584760e-01
4.386198713254380599e-01
4.389486566542121770e-01
4.392770025591861138e-01
4.396049077741263633e-01
4.399323710339027027e-01
4.402593910744771466e-01
4.405859666329426938e-01
4.409120964475317650e-01
4.412377792576483437e-01
4.415630138038680319e-01
4.418877988279593660e-01
4.422121330729149036e-01
4.425360152829580507e-01
4.428594442035675982e-01
4.431824185814784989e-01
4.435049371647381555e-01
4.438269987026710606e-01
4.441486019459470191e-01
4.444697456465666052e-01
4.447904285578945793e-01
4.451106494346653286e-01
4.454304070330158405e-01
4.457497001104835932e-01
4.460685274260369759e-01
4.463868877400997692e-01
4.467047798145475368e-01
4.470222024127433746e-01
4.473391542995219794e-01
4.476556342412676415e-01
4.479716410058651177e-01
4.482871733627529220e-01
4.486022300829294318e-01
4.489168099389724831e-01
4.492309117050516942e-01
4.495445341569331843e-01
4.498576760720272572e-01
4.501703362293590360e-01
4.504825134096228090e-01
4.507942063951748679e-01
4.511054139700546028e-01
4.514161349199956041e-01
4.517263680324492547e-01
4.520361120965779578e-01
4.523453659032963814e-01
4.526541282452710147e-01
4.529623979169191128e-01
4.532701737144379517e-01
4.535774544358358029e-01
4.538842388809000705e-01
4.541905258512452526e-01
4.544963141503164383e-01
4.548016025833796494e-01
4.551063899575781280e-01
4.554106750818947558e-01
4.557144567671971847e-01
4.560177338262348945e-01
4.563205050736457991e-01
4.566227693259813925e-01
4.569245254017060276e-01
4.572257721212015236e-01
4.575265083067898697e-01
4.578267327827358346e-01
4.581264443752539051e-01
4.584256419125283810e-01
4.587243242246977770e-01
4.590224901438861860e-01
4.593201385042084417e-01
4.596172681417706740e-01
4.599138778946670891e-01
4.602099666030152747e-01
4.605055331089409898e-01
4.608005762565953733e-01
4.610950948921466175e-01
4.613890878638130522e-01
4.616825540218387203e-01
4.619754922185195234e-01
4.622679013082007238e-01
4.625597801472817738e-01
4.628511275942236991e-01
4.631419425095560927e-01
4.634322237558695656e-01
4.637219701978379516e-01
4.640111807022023749e-01
4.642998541377923449e-01
4.645879893755151535e-01
4.648755852883665329e-01
4.651626407514418138e-01
4.654491546419093351e-01
4.657351258390457494e-01
4.660205532242220894e-01
4.663054356809029355e-01
4.665897720946597382e-01
4.668735613531559969e-01
4.671568023461691310e-01
4.674394939655628356e-01
4.677216351053257171e-01
4.680032246615326019e-01
4.682842615323763447e-01
4.685647446181369080e-01
4.688446728212157244e-01
4.691240450461084399e-01
4.694028601994119643e-01
4.696811171898359061e-01
4.699588149281779259e-01
4.702359523273336728e-01
4.705125283023182670e-01
4.707885417702180053e-01
4.710639916502274427e-01
4.713388768636292414e-01
4.716131963337981126e-01
4.718869489861882704e-01
4.721601337483468108e-01
4.724327495499078822e-01
4.727047953225655963e-01
4.729762700001179931e-01
4.732471725184049793e-01
4.735175018153501836e-01
4.737872568309518528e-01
4.740564365072489905e-01
4.743250397883597702e-01
4.745930656204339626e-01
4.748605129516800805e-01
4.751273807323638243e-01
4.753936679147655608e-01
4.756593734532243434e-01
4.759244963040912269e-01
4.761890354257555802e-01
4.764529897786161650e-01
4.767163583250981218e-01
4.769791400296278794e-01
4.772413338586413145e-01
4.775029387805676540e-01
4.777639537658304181e-01
4.780243777868484201e-01
4.782842098180085100e-01
4.785434488356775096e-01
4.788020938181977160e-01
4.790601437458708034e-01
4.793175976009505512e-01
4.795744543676428995e-01
4.798307130321017855e-01
4.800863725824194850e-01
4.803414320086115685e-01
4.805958903026213425e-01
4.808497464583137981e-01
4.811029994714547953e-01
4.813556483397279928e-01
4.816076920627029856e-01
4.818591296418382464e-01
4.821099600804867880e-01
4.823601823838680747e-01
4.826097955590701871e-01
4.828587986150527644e-01
4.831071905626177498e-01
4.833549704144163295e-01
4.836021371849502093e-01
4.838486898905447475e-01
4.840946275493551165e-01
4.843399491813525359e-01
4.845846538083218302e-01
4.848287404538442202e-01
4.850722081433093691e-01
4.853150559038914569e-01
4.855572827645362466e-01
4.857988877559819008e-01
4.860398699107169040e-01
4.862802282630037665e-01
4.865199618488465494e-01
4.867590697060016902e-01
4.869975508739600722e-01
4.872354043939381429e-01
4.874726293088869622e-01
4.877092246634640582e-01
4.879451895040381459e-01
4.881805228786819106e-01
4.884152238371621269e-01
4.886492914309296109e-01
4.888827247131146692e-01
4.891155227385219906e-01
4.893476845636291483e-01
4.895792092465622858e-01
4.898100958470984478e-01
4.900403434266674685e-01
4.902699510483357614e-01
4.904989177767942188e-01
4.907272426783650388e-01
4.909549248209827965e-01
4.911819632741990516e-01
4.914083571091646951e-01
4.916341053986247878e-01
4.918592072169249985e-01
4.920836616399851260e-01
4.923074677453143089e-01
4.925306246119821596e-01
4.927531313206306440e-01
4.929749869534570395e-01
4.931961905942107705e-01
4.934167413281970727e-01
4.936366382422535115e-01
4.938558804247458744e-01
4.940744669655859345e-01
4.942923969561936470e-01
4.945096694895210754e-01
4.947262836600135327e-01
4.949422385636327859e-01
4.951575332978456756e-01
4.953721669616031886e-01
4.955861386553481185e-01
4.957994474810142882e-01
4.960120925420101190e-01
4.962240729432182973e-01
4.964353877909841728e-01
4.966460361931255285e-01
4.968560172589207014e-01
4.970653300990892642e-01
4.972739738258093456e-01
4.974819475527058055e-01
4.976892503948346369e-01
4.978958814686885170e-01
4.981018398922001933e-01
4.983071247847218888e-01
4.985117352670302426e-01
4.987156704613127656e-01
4.989189294911846040e-01
4.991215114816550114e-01
4.993234155591541046e-01
4.995246408515047754e-01
4.997251864879283523e-01
4.999250515990516508e-01
5.001242353168747767e-01
5.003227367747967724e-01
5.005205551076016279e-01
5.007176894514480114e-01
5.009141389438793723e-01
5.011099027238028469e-01
5.013049799315046906e-01
5.014993697086366220e-01
5.016930711982173774e-01
5.018860835446248281e-01
5.020784058935990890e-01
5.022700373922330819e-01
5.024609771889781973e-01
5.026512244336307500e-01
5.028407782773420820e-01
5.030296378726129003e-01
5.032178023732687411e-01
5.034052709345075982e-01
5.035920427128411925e-01
5.037781168661287223e-01
5.039634925535605436e-01
5.041481689356732687e-01
5.043321451743157935e-01
5.045154204326816050e-01
5.046979938752829131e-01
5.048798646679578672e-01
5.050610319778841006e-01
5.052414949735409833e-01
5.054212528247439273e-01
5.056003047026204067e-01
5.057786497796179503e-01
5.059562872295033653e-01
5.061332162273615154e-01
5.063094359495869945e-01
5.064849455738843487e-01
5.066597442792816208e-01
5.068338312461064810e-01
5.070072056560085416e-01
5.071798666919384857e-01
5.073518135381552829e-01
5.075230453802287434e-01
5.076935614050396284e-01
5.078633608007635525e-01
5.080324427568919665e-01
5.082008064642163925e-01
5.083684511148316432e-01
5.085353759021407072e-01
5.087015800208478655e-01
5.088670626669566932e-01
5.090318230377767206e-01
5.091958603319174381e-01
5.093591737492908500e-01
5.095217624911116960e-01
5.096836257598925668e-01
5.098447627594493436e-01
5.100051726948963138e-01
5.101648547726539418e-01
5.103238082004327714e-01
5.104820321872481914e-01
5.106395259434212131e-01
5.107962886805653691e-01
5.109523196115994814e-01
5.111076179507383355e-01
5.112621829134914586e-01
5.114160137166839926e-01
5.115691095784282716e-01
5.117214697181392546e-01
5.118730933565401875e-01
5.120239797156418415e-01
5.121741280187588341e-01
5.123235374905158457e-01
5.124722073568303005e-01
5.126201368449176954e-01
5.127673251833080315e-01
5.129137716018173920e-01
5.130594753315675938e-01
5.132044356049888512e-01
5.133486516558104507e-01
5.134921227190614168e-01
5.136348480310697351e-01
5.137768268294767848e-01
5.139180583532190205e-01
5.140585418425389630e-01
5.141982765389851995e-01
5.143372616854026136e-01
5.144754965259455970e-01
5.146129803060702779e-01
5.147497122725407381e-01
5.148856916734225742e-01
5.150209177580868936e-01
5.151553897772137569e-01
5.152891069827812975e-01
5.154220686280801544e-01
5.155542739677037023e-01
5.156857222575519373e-01
5.158164127548279243e-01
5.159463447180465678e-01
5.160755174070292828e-01
5.162039300828961119e-01
5.163315820080832674e-01
5.164584724463291421e-01
5.165846006626775289e-01
5.167099659234896114e-01
5.168345674964207603e-01
5.169584046504379637e-01
5.170814766558179398e-01
5.172037827841478030e-01
5.173253223083089658e-01
5.174460945025056713e-01
5.175660986422419008e-01
5.176853340043280349e-01
5.178037998668824082e-01
5.179214955093340844e-01
5.180384202124120874e-01
5.181545732581583907e-01
5.182699539299211455e-01
5.183845615123512385e-01
5.184983952914065108e-01
5.186114545543505372e-01
5.187237385897570663e-01
5.188352466874980307e-01
5.189459781387583126e-01
5.190559322360177585e-01
5.191651082730719402e-01
5.192735055450091730e-01
5.193811233482298340e-01
5.194879609804314846e-01
5.195940177406167537e-01
5.196992929290910057e-01
5.198037858474593431e-01
5.199074957986220547e-01
5.200104220867955984e-01
5.201125640174811826e-01
5.202139208974829732e-01
5.203144920349018765e-01
5.204142767391428670e-01
5.205132743209038848e-01
5.206114840921715059e-01
