2.668309985677693908e-13
2.371383800793848418e-02
5.268321637514741113e-02
8.606702128997491263e-02
1.231665363779932548e-01
1.633940148920347557e-01
2.062529389464656804e-01
2.513232375034047950e-01
2.982493361968674983e-01
3.467302148045831589e-01
3.965110464276808133e-01
4.473761364801625007e-01
4.991429474505816866e-01
5.516570370175475357e-01
6.047877671851928927e-01
6.584246656652246177e-01
7.124743398026883723e-01
7.668578590210103352e-01
8.215085348142424637e-01
8.763700381788553928e-01
9.313948035421190097e-01
9.865426759371305199e-01
1.041779764701592947e+00
1.097077472475892268e+00
1.152411672982099899e+00
1.207762015026236702e+00
1.263111333554689519e+00
1.318445151480169830e+00
1.373751258434383171e+00
1.429019354688971566e+00
1.484240750274774756e+00
1.539408110818835995e+00
1.594515242922772469e+00
1.649556912982303114e+00
1.704528694290132318e+00
1.759426838045710983e+00
1.814248164560658294e+00
1.868989971533316030e+00
1.923649956729027277e+00
1.978226152830276252e+00
2.032716872546956210e+00
2.087120662395916870e+00
2.141436263784012084e+00
2.195662580254704288e+00
2.249798649924816818e+00
2.303843622311489980e+00
2.357796738836016370e+00
2.411657316447532118e+00
2.465424733859522100e+00
2.519098419993835769e+00
2.572677844284130710e+00
2.626162508537163820e+00
2.679551940115210140e+00
2.732845686223250858e+00
2.786043309126373213e+00
2.839144382153183432e+00
2.892148486354930714e+00
2.945055207720149948e+00
2.997864134853180929e+00
3.050574857044467070e+00
3.103186962666214743e+00
3.155700037847318562e+00
3.208113665375563972e+00
3.260427423794303170e+00
3.312640886662815198e+00
3.364753621949869711e+00
3.416765191541354163e+00
3.468675150843720800e+00
3.520483048465264275e+00
3.572188425963224390e+00
3.623790817646793450e+00
3.675289750421345314e+00
3.726684743677123546e+00
3.777975309202855847e+00
3.829160951124217505e+00
3.880241165870728981e+00
3.931215442149634143e+00
3.982083260939738079e+00
4.032844095493578251e+00
4.083497411350520245e+00
4.134042666351334994e+00
4.184479310665205176e+00
4.234806786812016277e+00
4.285024529696378259e+00
4.335131966634711453e+00
4.385128517389414782e+00
4.435013594199763709e+00
4.484786601814418461e+00
4.534446937521952492e+00
4.583993991181018579e+00
4.633427145250457180e+00
4.682745774812870465e+00
4.731949247605171216e+00
4.781036924037725733e+00
4.830008157216443720e+00
4.878862292963492386e+00
4.927598669833503031e+00
4.976216619127725949e+00
5.024715464906418738e+00
5.073094523999682082e+00
5.121353106013856404e+00
5.169490513338005577e+00
5.217506041145923312e+00
5.265398977395731706e+00
5.313168602830144138e+00
5.360814190969359849e+00
5.408335008107239439e+00
5.455730313299381073e+00
5.502999358353883430e+00
5.550141387816188931e+00
5.597155638954006918e+00
5.644041341738501139e+00
5.690797718823189300e+00
5.737423985522192460e+00
5.783919349784122588e+00
5.830283012164956702e+00
5.876514165799255451e+00
5.922611996367150411e+00
5.968575682061985965e+00
6.014404393551829209e+00
6.060097293944569863e+00
6.105653538744148179e+00
6.151072275810969714e+00
6.196352645315188035e+00
6.241493779690344468e+00
6.286494803585823021e+00
6.331354833814827110e+00
6.376072979301068422e+00
6.420648341024299377e+00
6.465080011963469708e+00
6.509367077037198968e+00
6.553508613040740727e+00
6.597503688585938164e+00
6.641351364032619387e+00
6.685050691423430003e+00
6.728600714412472428e+00
6.772000468194530498e+00
6.815248979430672094e+00
6.858345266173861532e+00
6.901288337789180716e+00
6.944077194874445524e+00
6.986710829178970350e+00
7.029188223518452183e+00
7.071508351688430949e+00
7.113670178376762188e+00
7.155672659071321107e+00
7.197514739970334752e+00
7.239195357882929116e+00
7.280713440137636105e+00
7.322067904476991629e+00
7.363257658961997798e+00
7.404281601863496043e+00
7.445138621559593162e+00
7.485827596425997044e+00
7.526347394725670270e+00
7.566696874496437353e+00
7.606874883436002044e+00
7.646880258784206852e+00
7.686711827204597114e+00
7.726368404659607947e+00
7.765848796289012590e+00
7.805151796282645549e+00
7.844276187748480567e+00
7.883220742584332363e+00
7.921984221341802801e+00
7.960565373089177221e+00
7.998962935274098740e+00
8.037175633578501177e+00
8.075202181777601851e+00
8.113041281590346543e+00
8.150691622530755964e+00
8.188151881754924588e+00
8.225420723906573528e+00
8.262496800958450294e+00
8.299378752052325225e+00
8.336065203334149132e+00
8.372554767788878749e+00
8.408846045071474151e+00
8.444937621332583078e+00
8.480828069046351558e+00
8.516515946829494865e+00
8.551999799261793100e+00
8.587278156700708820e+00
8.622349535095723994e+00
8.657212435794281902e+00
8.691865345352074002e+00
8.726306735332945763e+00
8.760535062110266225e+00
8.794548766661579364e+00
8.828346274363651602e+00
8.861925994780143867e+00
8.895286321448908851e+00
8.928425631662729955e+00
8.961342286251150924e+00
8.994034629352372079e+00
9.026500988187736496e+00
9.058739672827925915e+00
9.090748975958332423e+00
9.122527172639012250e+00
9.154072520060289264e+00
9.185383257297148774e+00
9.216457605056080027e+00
9.247293765421236600e+00
9.277889921594013600e+00
9.308244237629713425e+00
9.338354858170790251e+00
9.368219908172626731e+00
9.397837492629493639e+00
9.427205696293588844e+00
9.456322583388832470e+00
9.485186197322592605e+00
9.513794560392103250e+00
9.542145673484688118e+00
9.570237515775646742e+00
9.598068044420905665e+00
9.625635194242855519e+00
9.652936877415418948e+00
9.679970983140581353e+00
9.706735377321454195e+00
9.733227902231314843e+00
9.759446376175663573e+00
9.785388593151436609e+00
9.811052322500257716e+00
9.836435308553808099e+00
9.861535270280482379e+00
9.886349900919782385e+00
9.910876867616048358e+00
9.935113811044312015e+00
9.959058345032810067e+00
9.982708056179054878e+00
1.000606050345986553e+01
1.002911321783628651e+01
1.005186370185394829e+01
1.007430942923716088e+01
1.009644784447678134e+01
1.011827636241296879e+01
1.013979236781297821e+01
1.016099321494216845e+01
1.018187622712957285e+01
1.020243869632863465e+01
1.022267788267111577e+01
1.024259101401485417e+01
1.026217528548881930e+01
1.028142785902759826e+01
1.030034586290439158e+01
1.031892639125639022e+01
1.033716650360426925e+01
1.035506322436621574e+01
1.037261354236835587e+01
1.038981441034459330e+01
1.040666274443772643e+01
1.042315542368753967e+01
1.043928928952084334e+01
1.045506114522988916e+01
1.047046775545015329e+01
1.048550584562881660e+01
1.050017210149245095e+01
1.051446316850669227e+01
1.052837565133174635e+01
1.054190611327271831e+01
1.055505107572878032e+01
1.056780701763228869e+01
1.058017037488817813e+01
1.059213753980780304e+01
1.060370486053927941e+01
1.061486864049377843e+01
1.062562513776927453e+01
1.063597056457173551e+01
1.064590108663143475e+01
1.065541282262067568e+01
1.066450184356551212e+01
1.067316417225872272e+01
1.068139578267118317e+01
1.068919259936138921e+01
1.069655049688532600e+01
1.070346529920729672e+01
1.070993277911061980e+01
1.071594865761068149e+01
1.072150860336799916e+01
1.072660823210738812e+01
1.073124310603667730e+01
1.073540873327263867e+01
1.073910056726973394e+01
1.074231400625570920e+01
1.074504439267368383e+01
1.074728701263241426e+01
1.074903709536321195e+01
1.075028981268935446e+01
1.075104027850423272e+01
1.075128354826238919e+01
1.075101461848456808e+01
1.075022842627578790e+01
1.074891984886189178e+01
1.074708370314148809e+01
1.074471474525944359e+01
1.074180767019902127e+01
1.073835711139949645e+01
1.073435764039659723e+01
1.072980376648995104e+01
1.072468993644110746e+01
1.071901053420011252e+01
1.071275988066825668e+01
1.070593223349501422e+01
1.069852178691466982e+01
1.069052267162385483e+01
1.068192895470399861e+01
1.067273463959179125e+01
1.066293366609830962e+01
1.065251991048545399e+01
1.064148718559773066e+01
1.062982924105726923e+01
1.061753976352317785e+01
1.060461237702217119e+01
1.059104064335232920e+01
1.057681806256670676e+01
1.056193807354010694e+01
1.054639405462506829e+01
1.053017932440252657e+01
1.051328714253182284e+01
1.049571071070718808e+01
1.047744317372634626e+01
1.045847762067772813e+01
1.043880708625293430e+01
1.041842455219211239e+01
1.039732294886969299e+01
1.037549515702778180e+01
1.035293400966581601e+01
1.032963229409575590e+01
1.030558275416924374e+01
1.028077809269028187e+01
1.025521097401880155e+01
1.022887402687901570e+01
1.020175984737993780e+01
1.017386100226194401e+01
1.014517003237982884e+01
1.011567945643398225e+01
1.008538177496203225e+01
1.005426947460691878e+01
1.002233503266955772e+01
9.989570921965874817e+00
9.955969615998542466e+00
9.921523594462035689e+00
9.886225349092461201e+00
9.850067389883593094e+00
9.813042251681565631e+00
9.775142501177647603e+00
9.736360744317410720e+00
9.696689634142467540e+00
9.656121879087589122e+00
9.614650251748528831e+00
9.572267598143607614e+00
9.528966847489417802e+00
9.484741022509998842e+00
9.439583250302659323e+00
9.393486773782976584e+00
9.346444963728057331e+00
9.298451331446562662e+00
9.249499542092086912e+00
9.199583428648965722e+00
9.148697006609436855e+00
9.096834489370506205e+00
9.043990304368982436e+00
8.990159109983334673e+00
8.935335813222414103e+00
8.879515588226498224e+00
8.822693895601300795e+00
8.764866502610002996e+00
8.706029504243378625e+00
8.646179345187784193e+00
8.585312842713628712e+00
8.523427210500043927e+00
8.460520083414333925e+00
8.396589543261663735e+00
8.331634145516503054e+00
8.265652947049730415e+00
8.198645534857483597e+00
8.130612055798556170e+00
8.061553247342486017e+00
7.991470469327635939e+00
7.920365736722724037e+00
7.848241753383550900e+00
7.775101946789702900e+00
7.700950503741136544e+00
7.625792406989150507e+00
7.549633472769726517e+00
7.472480389199030348e+00
7.394340755486210170e+00
7.315223121907111548e+00
7.235137030475931041e+00
7.154093056242557758e+00
7.072102849132475555e+00
6.989179176235072788e+00
6.905335964437150587e+00
6.820588343284306632e+00
6.734952687940692684e+00
6.648446662105993887e+00
6.561089260732881456e+00
6.472900852374976033e+00
6.383903220979876281e+00
6.294119606927639055e+00
6.203574747097620801e+00
6.112294913732674750e+00
6.020307951851617823e+00
5.927643314945760800e+00
5.834332098678816969e+00
5.740407072292659230e+00
5.645902707406893484e+00
5.550855203883201305e+00
5.455302512412917082e+00
5.359284353470584072e+00
5.262842232265496634e+00
5.166019449311079370e+00
5.068861106223344848e+00
4.971414106351956796e+00
4.873727149842938644e+00
4.775850722729257924e+00
4.677837079646975482e+00
4.579740219777644228e+00
4.481615855626582601e+00
4.383521374257647096e+00
4.285515790621420074e+00
4.187659692634928987e+00
4.090015177696477267e+00
3.992645780350621454e+00
3.895616390854977240e+00
3.798993164442737935e+00
3.702843421123391376e+00
3.607235535918559499e+00
3.512238819488885166e+00
3.417923389176167337e+00
3.324360030554224910e+00
3.231620049661078742e+00
3.139775116166561020e+00
3.048897097816270385e+00
2.959057886583547958e+00
2.870329217055257676e+00
2.782782477673526600e+00
2.696488515552186715e+00
2.611517435686186772e+00
2.527938395466539312e+00
2.445819395510258509e+00
2.365227067902694991e+00
2.286226463036961309e+00
2.208880836311516216e+00
2.133251436019452552e+00
2.059397293818475916e+00
1.987375019224376427e+00
1.917238599601580606e+00
1.849039207147636255e+00
1.782825014372539263e+00
1.718641019563474925e+00
1.656528883696718246e+00
1.596526780210383079e+00
1.538669258987585442e+00
1.482987125815367513e+00
1.429507338484650836e+00
1.378252920572961671e+00
1.329242893821451554e+00
1.282492229864557354e+00
1.238011821902401000e+00
1.195808476739437243e+00
1.155884927418215025e+00
1.118239866489840528e+00
1.082867999767246570e+00
1.049760120209355385e+00
1.018903201385203294e+00
9.902805097840902127e-01
9.638717350469682144e-01
9.396531370249302517e-01
9.175977084138253748e-01
8.976753515648181470e-01
8.798530679503713259e-01
8.640951586562096720e-01
8.503634341862752466e-01
8.386174318078701839e-01
8.288146386183538050e-01
8.209107185097128667e-01
8.148597412071822976e-01
8.106144115894267088e-01
8.081262975544166727e-01
8.073460547623724226e-01
8.082236466788735862e-01
8.107085584507077725e-01
8.147500032662835512e-01
8.202971199845243699e-01
8.272991609613369324e-01
8.357056691494950673e-01
8.454666437025720738e-01
8.565326934643063828e-01
8.688551778871362874e-01
8.823863350610150480e-01
8.970793966926885465e-01
9.128886900039753227e-01
9.297697266524675985e-01
9.476792788946768464e-01
9.665754433218293196e-01
9.864176925956416042e-01
1.007166915692769615e+00
1.028785447240154527e+00
1.051237086585561142e+00
1.074487107284528120e+00
1.098502257732412390e+00
1.123250753680217873e+00
1.148702263396341294e+00
1.174827886227016283e+00
1.201600125314217893e+00
1.228992855202757806e+00
1.256981285054271424e+00
1.285541918154096797e+00
1.314652508365463879e+00
1.344292014146671210e+00
1.374440550708785347e+00
1.405079340847937397e+00
1.436190664941008110e+00
1.467757810549821906e+00
1.499765022037834683e+00
1.532197450553108409e+00
1.565041104692081353e+00
1.598282802117565238e+00
1.631910122365521021e+00
1.665911361031585214e+00
1.700275485504655792e+00
1.734992092372545702e+00
1.770051366595790432e+00
1.805444042527110105e+00
1.841161366818796497e+00
1.877195063243545459e+00
1.913537299436628869e+00
1.950180655543945152e+00
1.987118094753415720e+00
2.024342935669649624e+00
2.061848826480868091e+00
2.099629720864160554e+00
2.137679855559764697e+00
2.175993729550058653e+00
2.214566084762642717e+00
2.253391888227380235e+00
2.292466315604944960e+00
2.331784736010830805e+00
2.371342698055176168e+00
2.411135917020843955e+00
2.451160263105983450e+00
2.491411750652808177e+00
2.531886528299227113e+00
2.572580869974593565e+00
2.613491166684739575e+00
2.654613919015418766e+00
2.695945730299206478e+00
2.737483300392427488e+00
2.779223420003970269e+00
2.821162965533331235e+00
2.863298894368155878e+00
2.905628240601758172e+00
2.948148111129708759e+00
2.990855682088193301e+00
3.033748195607349540e+00
3.076822956838098033e+00
3.120077331236656537e+00
3.163508742071976521e+00
3.207114668135762514e+00
3.250892641637825875e+00
3.294840246261605987e+00
3.338955115365323412e+00
3.383234930315553779e+00
3.427677418935700882e+00
3.472280354057279528e+00
3.517041552165559803e+00
3.561958872126647524e+00
3.607030213988870582e+00
3.652253517849771924e+00
3.697626762781081933e+00
3.743147965808214295e+00
3.788815180936074611e+00
3.834626498214748658e+00
3.880580042849853584e+00
3.926673974338776407e+00
3.972906485647873520e+00
4.019275802408195375e+00
4.065780182146368382e+00
4.112417913533490399e+00
4.159187315659603534e+00
4.206086737325216873e+00
4.253114556356861975e+00
4.300269178936633629e+00
4.347549038951361133e+00
4.394952597355343826e+00
4.442478341552467569e+00
4.490124784788170231e+00
4.537890465560939113e+00
4.585773947043108478e+00
4.633773816516640665e+00
4.681888684824048852e+00
4.730117185827466209e+00
4.778457975884237818e+00
4.826909733331690155e+00
4.875471157986395632e+00
4.924140970651745164e+00
4.972917912640055782e+00
5.021800745303641733e+00
5.070788249579418761e+00
5.119879225540811873e+00
5.169072491963811800e+00
5.218366885901034813e+00
5.267761262267392830e+00
5.317254493436267104e+00
5.366845468843724376e+00
5.416533094604853105e+00
5.466316293137765570e+00
5.516194002798730622e+00
5.566165177524760033e+00
5.616228786487072355e+00
5.666383813752769782e+00
5.716629257955101906e+00
5.766964131970437002e+00
5.817387462608726523e+00
5.867898290307048015e+00
5.918495668832163048e+00
5.969178664993508576e+00
6.019946358361101701e+00
6.070797840992253391e+00
6.121732217165095413e+00
6.172748603118517252e+00
6.223846126801155343e+00
6.275023927624156173e+00
6.326281156223269697e+00
6.377616974226892665e+00
6.429030554027121980e+00
6.480521078562397896e+00
6.532087741100180978e+00
6.583729745031533298e+00
6.635446303664670253e+00
6.687236640030065793e+00
6.739099986685900490e+00
6.791035585533408359e+00
6.843042687631527343e+00
6.895120553022083598e+00
6.947268450556971509e+00
6.999485657727133159e+00
7.051771460503764466e+00
7.104125153174292606e+00
7.156546038191028636e+00
7.209033426016805635e+00
7.261586634981483712e+00
7.314204991134413802e+00
7.366887828109806691e+00
7.419634486986097954e+00
7.472444316156734878e+00
7.525316671199846041e+00
7.578250914752120870e+00
7.631246416388195897e+00
7.684302552498410321e+00
7.737418706175562377e+00
7.790594267097824321e+00
7.843828631421301267e+00
7.897121201670524115e+00
7.950471386633990889e+00
8.003878601260057124e+00
8.057342266558071842e+00
8.110861809501917818e+00
8.164436662930864230e+00
8.218066265460821640e+00
8.271750061390385156e+00
8.325487500614256575e+00
8.379278038534678785e+00
8.433121135979844141e+00
8.487016259117716288e+00
8.540962879378836803e+00
8.577255071791933361e+00
8.594867356150375670e+00
8.611595965966543531e+00
8.627494805335874872e+00
8.642621385335472084e+00
8.657031958495304380e+00
8.670780291842040910e+00
8.683917419214447264e+00
8.696491655549893451e+00
8.708548679788378877e+00
8.720131634351007577e+00
8.731281227227292163e+00
8.742035832940795004e+00
8.752431591398943667e+00
8.762502504353017585e+00
8.772280529379163028e+00
8.781795671336011466e+00
8.791076071265370828e+00
8.800148092707585690e+00
8.809036405407189463e+00
8.817764066391465150e+00
8.826352598410609929e+00
8.834822065736846142e+00
8.843191147327177148e+00
8.851477207362783872e+00
8.859696363185102896e+00
8.867863550656601035e+00
8.875992586980077093e+00
8.884215805676364042e+00
8.892515471206030142e+00
8.900987219011446072e+00
8.909650934473209105e+00
8.918526919604092384e+00
8.927636630576776255e+00
8.937003591191853502e+00
8.946654529152080926e+00
8.956620814023370514e+00
8.966940312626009657e+00
8.977659830084471437e+00
8.988838384253613256e+00
9.000551685109030586e+00
9.012898388404954275e+00
9.026009016540804453e+00
9.040058984310645585e+00
9.055288113161342523e+00
9.071549653708979477e+00
9.088463151766486448e+00
9.106039420399055118e+00
9.124270212995513774e+00
9.143121239679905088e+00
9.162524853643231992e+00
9.182372711856260139e+00
9.202509404398201198e+00
9.222728384210906682e+00
9.242771762985835693e+00
9.262335518696346526e+00
9.281081245200290653e+00
9.298654696392157248e+00
9.314710113334859543e+00
9.329328677909531464e+00
9.343767297560878760e+00
9.358151734671858790e+00
9.372486040027911969e+00
9.386774282557102111e+00
9.401020460326664718e+00
9.415228477996691936e+00
9.429402141995778308e+00
9.443545160320791609e+00
9.457661143470126319e+00
9.471753605601191950e+00
9.485825965692514572e+00
9.499881548670755294e+00
9.513923586506413343e+00
9.527955219290655364e+00
9.541979496304119124e+00
9.555999377087495361e+00
9.570017732519659148e+00
9.584037345908393846e+00
9.598060914096990359e+00
9.612091048587975806e+00
9.626130276685465503e+00
9.640181042656013943e+00
9.654245708907875922e+00
9.668326557187990389e+00
9.682425789795397364e+00
9.696545530810661617e+00
9.710687827339029354e+00
9.724854650766941333e+00
9.739047898029633998e+00
9.753269392888906708e+00
9.767520887219516723e+00
9.781804062302507319e+00
9.796120530124490244e+00
9.810471834681159464e+00
9.824859453283961486e+00
9.839284797868572241e+00
9.853749216303938852e+00
9.868253993700825788e+00
9.882800353718740993e+00
9.897389459870087336e+00
9.912022416820684967e+00
9.926700271685707122e+00
9.941424015320107443e+00
9.956194583602600900e+00
9.971012858712697380e+00
9.985879670399775421e+00
1.000079579724349976e+01
1.001576196790519901e+01
1.003077886236935257e+01
1.004584711317457923e+01
1.006096730663386829e+01
1.007613998404317357e+01
1.009136564287832094e+01
1.010664473797945462e+01
1.012197768272279852e+01
1.013736485017928679e+01
1.015280657425988764e+01
1.016830315084703074e+01
1.018385483891207954e+01
1.019946186161848622e+01
1.021512440741044969e+01
1.023084263108678904e+01
1.024661665485987960e+01
1.026244656939944200e+01
1.027833243486118064e+01
1.029427428189978855e+01
1.031027211266665056e+01
1.032632590179175658e+01
1.034243559734994911e+01
1.035860112181140913e+01
1.037482237297619569e+01
1.039109922489294568e+01
1.040743152876170008e+01
1.042381911382061155e+01
1.044026178821690287e+01
1.045675933986168715e+01
1.047331153726896069e+01
1.048991813037859977e+01
1.050657885136353897e+01
1.052329341542107066e+01
1.054006152154829579e+01
1.055688285330198717e+01
1.057375707954258992e+01
1.059068385516277289e+01
1.060766282180039077e+01
1.062469360853602751e+01
1.064177583257521675e+01
1.065890909991542301e+01
1.067609300599785804e+01
1.069332713634431364e+01
1.071061106717905176e+01
1.072794436603585311e+01
1.074532659235062404e+01
1.076275729803911929e+01
1.078023602806061554e+01
1.079776232096698330e+01
1.081533570943787836e+01
1.083295572080187696e+01
1.085062187754365581e+01
1.086833369779771807e+01
1.088609069582826905e+01
1.090389238249598058e+01
1.092173826571136885e+01
1.093962785087522782e+01
1.095756064130598695e+01
1.097553613865441058e+01
1.099355384330581842e+01
1.101161325476971520e+01
1.102971387205721321e+01
1.104785519404654970e+01
1.106603671983643977e+01
1.108425794908784034e+01
1.110251838235419797e+01
1.112081752140015745e+01
1.113915486950912559e+01
1.115752993177993702e+01
1.117594221541235555e+01
1.119439122998218217e+01
1.121287648770567813e+01
1.123139750369365331e+01
1.124995379619553404e+01
1.126854488683328626e+01
1.128717030082562722e+01
1.130582956720257215e+01
1.132452221901055900e+01
1.134324779350821544e+01
1.136200583235318184e+01
1.138079588177981805e+01
1.139961749276828940e+01
1.141847022120502864e+01
1.143735362803482403e+01
1.145626727940463496e+01
1.147521074679933051e+01
1.149418360716967058e+01
1.151318544305238056e+01
1.153221584268281852e+01
1.155127440010026696e+01
1.157036071524582255e+01
1.158947439405352320e+01
1.160861504853438575e+01
1.162778229685379294e+01
1.164697576340235585e+01
1.166619507886026241e+01
1.168543988025561831e+01
1.170470981101642494e+01
1.172400452101693347e+01
1.174332366661795035e+01
1.176266691070178894e+01
1.178203392270157934e+01
1.180142437862537186e+01
1.182083796107504625e+01
1.184027435926025262e+01
1.185973326900743530e+01
1.187921439276411384e+01
1.189871743959876405e+01
1.191824212519602177e+01
1.193778817184783492e+01
1.195735530844016203e+01
1.197694327043600104e+01
1.199655179985422038e+01
1.201618064524481611e+01
1.203582956166053108e+01
1.205549831062486099e+01
1.207518666009679720e+01
1.209489438443227094e+01
1.211462126434254749e+01
1.213436708684950105e+01
1.215413164523809364e+01
1.217391473900602072e+01
1.219371617381078110e+01
1.221353576141414976e+01
1.223337331962420471e+01
1.225322867223511025e+01
1.227310164896458744e+01
1.229299208538937371e+01
1.231289982287859885e+01
1.233282470852530466e+01
1.235276659507614916e+01
1.237272534085934161e+01
1.239270080971112975e+01
1.241269287090052131e+01
1.243270139905285632e+01
1.245272627407178234e+01
1.247276738106016047e+01
1.249282461023976509e+01
1.251289785686982015e+01
1.253298702116465435e+01
1.255309200821037230e+01
1.257321272788067468e+01
1.259334909475197151e+01
1.261350102801774398e+01
1.263366845140240002e+01
1.265385129307434298e+01
1.267404948555891053e+01
1.269426296565061030e+01
1.271449167432515814e+01
1.273473555665120927e+01
1.275499456170189383e+01
1.277526864246605776e+01
1.279555775575968291e+01
1.281586186213695910e+01
1.283618092580165104e+01
1.285651491451824668e+01
1.287686379952350713e+01
1.289722755543799693e+01
1.291760616017791108e+01
1.293799959486715068e+01
1.295840784374974319e+01
1.297883089410255053e+01
1.299926873614846556e+01
1.301972136296998350e+01
1.304018877042332036e+01
1.306067095705292225e+01
1.308116792400675799e+01
1.310167967495191910e+01
1.312220621599113102e+01
1.314274755557967111e+01
1.316330370444325482e+01
1.318387467549626102e+01
1.320446048376120096e+01
1.322506114628847307e+01
1.324567668207726179e+01
1.326630711199717361e+01
1.328695245871062980e+01
1.330761274659626814e+01
1.332828800167319194e+01
1.334897825152615347e+01
1.336968352523155446e+01
1.339040385328467941e+01
1.341113926752758090e+01
1.343188980107822594e+01
1.345265548826045787e+01
1.347343636453509674e+01
1.349423246643196705e+01
1.351504383148311916e+01
1.353587049815697796e+01
1.355671250579360176e+01
1.357756989454099639e+01
1.359844270529264776e+01
1.361933097962588768e+01
1.364023475974159183e+01
1.366115408840493828e+01
1.368208900888719093e+01
1.370303956490866959e+01
1.372400580058280006e+01
1.374498776036137215e+01
1.376598548898081553e+01
1.378699903140966398e+01
1.380802843279712988e+01
1.382907373842283327e+01
1.385013499364764655e+01
1.387121224386559781e+01
1.389230553445706207e+01
1.391341491074289216e+01
1.393454041793980736e+01
1.395568210111685303e+01
1.397684000515290847e+01
1.399801417469550557e+01
1.401920465412047534e+01
1.404041148749289114e+01
1.406163471852910618e+01
1.408287439055975199e+01
1.410413054649391640e+01
1.412540322878443000e+01
1.414669247939405494e+01
1.416799833976297762e+01
1.418932085077712379e+01
1.421066005273762478e+01
1.423201598533140277e+01
1.425338868760252531e+01
1.427477819792490621e+01
1.429618455397572419e+01
1.431760779271001027e+01
1.433904795033616253e+01
1.436050506229250345e+01
1.438197916322455860e+01
1.440347028696373322e+01
1.442497846650642757e+01
1.444650373399455390e+01
1.446804612069649032e+01
1.448960565698943626e+01
1.451118237234231145e+01
1.453277629529962844e+01
1.455438745346628870e+01
1.457601587349325456e+01
1.459766158106393164e+01
1.461932460088153718e+01
1.464100495665717894e+01
1.466270267109879910e+01
1.468441776590093717e+01
1.470615026173516604e+01
1.472790017824136299e+01
1.474966753401986352e+01
1.477145234662396334e+01
1.479325463255374906e+01
1.481507440724996272e+01
1.483691168508920022e+01
1.485876647937931239e+01
1.488063880235572256e+01
1.490252866517841213e+01
1.492443607792937499e+01
1.494636104961092826e+01
1.496830358814447237e+01
1.499026370036996880e+01
1.501224139204587615e+01
1.503423666784981627e+01
1.505624953137972710e+01
1.507827998515554313e+01
1.510032803062150109e+01
1.512239366814882935e+01
1.514447689703909283e+01
1.516657771552797485e+01
1.518869612078956344e+01
1.521083210894103210e+01
1.523298567504783918e+01
1.525515681312947081e+01
1.527734551616540060e+01
1.529955177610162131e+01
1.532177558385760641e+01
1.534401692933356820e+01
1.536627580141804295e+01
1.538855218799619351e+01
1.541084607595786693e+01
1.543315745120668936e+01
1.545548629866890877e+01
1.547783260230298374e+01
1.550019634510910649e+01
1.552257750913944712e+01
1.554497607550822202e+01
1.556739202440246039e+01
1.558982533509273338e+01
1.561227598594430255e+01
1.563474395442841214e+01
1.565722921713387805e+01
1.567973174977888284e+01
1.570225152722296791e+01
1.572478852347915179e+01
1.574734271172638955e+01
1.576991406432215115e+01
1.579250255281504245e+01
1.581510814795776554e+01
1.583773081972015362e+01
1.586037053730228230e+01
1.588302726914781360e+01
1.590570098295735946e+01
1.592839164570210819e+01
1.595109922363734434e+01
1.597382368231624028e+01
1.599656498660355552e+01
1.601932310068975696e+01
1.604209798810461862e+01
1.606488961173153029e+01
1.608769793382137792e+01
1.611052291600665853e+01
1.613336451931571602e+01
1.615622270418676010e+01
1.617909743048213045e+01
1.620198865750246497e+01
1.622489634400086800e+01
1.624782044819717441e+01
1.627076092779196870e+01
1.629371773998099115e+01
1.631669084146904680e+01
1.633968018848426951e+01
1.636268573679214811e+01
1.638570744170957383e+01
1.640874525811880247e+01
1.643179914048145918e+01
1.645486904285233365e+01
1.647795491889325703e+01
1.650105672188682959e+01
1.652417440475006316e+01
1.654730792004802353e+01
1.657045722000732013e+01
1.659362225652945710e+01
1.661680298120425903e+01
1.663999934532300529e+01
1.666321129989167815e+01
1.668643879564375609e+01
1.670968178305333751e+01
1.673294021234780615e+01
1.675621403352054983e+01
1.677950319634344822e+01
1.680280765037937485e+01
1.682612734499439000e+01
1.684946222936999050e+01
1.687281225251501482e+01
1.689617736327769748e+01
1.691955751035721889e+01
1.694295264231546483e+01
1.696636270758826015e+01
1.698978765449697548e+01
1.701322743125935233e+01
1.703668198600071904e+01
1.706015126676471283e+01
1.708363522152401259e+01
1.710713379819080515e+01
1.713064694462716631e+01
1.715417460865527133e+01
1.717771673806737098e+01
1.720127328063566452e+01
1.722484418412203411e+01
1.724842939628744531e+01
1.727202886490149325e+01
1.729564253775131277e+01
1.731927036265087949e+01
1.734291228744957536e+01
1.736656826004099230e+01
1.739023822837139477e+01
1.741392214044797981e+01
1.743761994434704121e+01
1.746133158822194531e+01
1.748505702031081910e+01
1.750879618894426670e+01
1.753254904255264535e+01
1.755631552967350828e+01
1.758009559895848994e+01
1.760388919918026573e+01
1.762769627923929505e+01
1.765151678817031211e+01
1.767535067514872793e+01
1.769919788949682626e+01
1.772305838068966821e+01
1.774693209836108210e+01
1.777081899230921991e+01
1.779471901250211729e+01
1.781863210908292672e+01
1.784255823237518612e+01
1.786649733288765063e+01
1.789044936131924857e+01
1.791441426856357921e+01
1.793839200571351711e+01
1.796238252406536517e+01
1.798638577512318193e+01
1.801040171060257222e+01
1.803443028243463075e+01
1.805847144276953742e+01
1.808252514398003541e+01
1.810659133866481341e+01
1.813066997965166749e+01
1.815476102000048186e+01
1.817886441300613143e+01
1.820298011220122092e+01
1.822710807135861799e+01
1.825124824449382999e+01
1.827540058586734872e+01
1.829956504998673950e+01
1.832374159160861282e+01
1.834793016574048252e+01
1.837213072764244970e+01
1.839634323282878370e+01
1.842056763706925437e+01
1.844480389639059581e+01
1.846905196707745489e+01
1.849331180567362765e+01
1.851758336898278401e+01
1.854186661406933823e+01
1.856616149825903506e+01
1.859046797913959281e+01
1.861478601456089166e+01
1.863911556263549940e+01
1.866345658173868571e+01
1.868780903050856779e+01
1.871217286784592204e+01
1.873654805291425873e+01
1.876093454513924996e+01
1.878533230420866929e+01
1.880974129007154261e+01
1.883416146293800608e+01
1.885859278327820121e+01
1.888303521182178102e+01
1.890748870955694727e+01
1.893195323772946992e+01
1.895642875784161063e+01
1.898091523165108541e+01
1.900541262116970032e+01
1.902992088866220399e+01
1.905443999664468890e+01
1.907896990788335145e+01
1.910351058539265878e+01
1.912806199243408756e+01
1.915262409251405984e+01
1.917719684938245450e+01
1.920178022703056442e+01
1.922637418968940537e+01
1.925097870182752402e+01
1.927559372814912919e+01
1.930021923359198510e+01
1.932485518332518026e+01
1.934950154274700651e+01
1.937415827748269592e+01
1.939882535338201563e+01
1.942350273651711134e+01
1.944819039317986409e+01
1.947288828987961651e+01
1.949759639334061845e+01
1.952231467049949742e+01
1.954704308850260830e+01
1.957178161470358901e+01
1.959653021666053618e+01
1.962128886213346846e+01
1.964605751908143105e+01
1.967083615566004084e+01
1.969562474021834930e+01
1.972042324129634139e+01
1.974523162762198680e+01
1.977004986810835874e+01
1.979487793185087341e+01
1.981971578812433776e+01
1.984456340637996874e+01
1.986942075624266835e+01
1.989428780750789372e+01
1.991916453013885757e+01
1.994405089426343736e+01
1.996894687017132242e+01
1.999385242831094445e+01
2.001876753928660690e+01
2.004369217385536572e+01
2.006862630292417649e+01
2.009356989754673961e+01
2.011852292892071858e+01
2.014348536838452830e+01
2.016845718741453197e+01
2.019343835762195738e+01
2.021842885074991614e+01
2.024342863867045850e+01
2.026843769338168499e+01
2.029345598700456321e+01
2.031848349178033075e+01
2.034352018006716989e+01
2.036856602433766739e+01
2.039362099717558507e+01
2.041868507127323085e+01
2.044375821942831450e+01
2.046884041454147152e+01
2.049393162961297676e+01
2.051903183774025408e+01
2.054414101211501276e+01
2.056925912602033080e+01
2.059438615282807206e+01
2.061952206599607962e+01
2.064466683906544375e+01
2.066982044565791909e+01
2.069498285947309668e+01
2.072015405428603785e+01
2.074533400394438232e+01
2.077052268236599986e+01
2.079572006353632574e+01
2.082092612150589517e+01
2.084614083038786703e+01
2.087136416435556185e+01
2.089659609764001402e+01
2.092183660452766603e+01
2.094708565935788513e+01
2.097234323652076071e+01
2.099760931045483048e+01
2.102288385564469309e+01
2.104816684661894044e+01
2.107345825794789462e+01
2.109875806424149758e+01
2.112406624014718304e+01
2.114938276034785503e+01
2.117470759955972071e+01
2.120004073253059218e+01
2.122538213403750973e+01
2.125073177888521059e+01
2.127608964190403285e+01
2.130145569794815685e+01
2.132682992189371163e+01
2.135221228863716192e+01
2.137760277309348211e+01
2.140300135019449357e+01
2.142840799488720549e+01
2.145382268213226951e+01
2.147924538690238450e+01
2.150467608418079735e+01
2.153011474895967226e+01
2.155556135623898939e+01
2.158101588102471169e+01
2.160647829832784694e+01
2.163194858316281000e+01
2.165742671054628588e+01
2.168291265549599345e+01
2.170840639302947039e+01
2.173390789816286883e+01
2.175941714590994280e+01
2.178493411128084389e+01
2.181045876928121174e+01
2.183599109491107981e+01
2.186153106316398365e+01
2.188707864902597322e+01
2.191263382747483845e+01
2.193819657347914998e+01
2.196376686199760542e+01
2.198934466797808085e+01
2.201492996635708010e+01
2.204052273205896384e+01
2.206612293999532426e+01
2.209173056506438826e+01
2.211734558215043478e+01
2.214296796612322993e+01
2.216859769183762197e+01
2.219423473413297287e+01
2.221987906783279243e+01
2.224553066774439358e+01
2.227118950865843061e+01
2.229685556534866464e+01
2.232252881257167587e+01
2.234820922506654739e+01
2.237389677755475859e+01
2.239959144473996133e+01
2.242529320130778103e+01
2.245100202192575978e+01
2.247671788124324621e+01
2.250244075389133869e+01
2.252817061448298119e+01
2.255390743761276795e+01
2.257965119785718855e+01
2.260540186977452493e+01
2.263115942790515334e+01
2.265692384677144844e+01
2.268269510087814211e+01
2.270847316471235544e+01
2.273425801274400726e+01
2.276004961942578930e+01
2.278584795919372041e+01
2.281165300646724248e+01
2.283746473564958990e+01
2.286328312112825500e+01
2.288910813727512661e+01
2.291493975844708686e+01
2.294077795898641980e+01
2.296662271322108140e+01
2.299247399546534965e+01
2.301833178002025804e+01
2.304419604117403253e+01
2.307006675320268840e+01
2.309594389037059159e+01
2.312182742693096671e+01
2.314771733712656498e+01
2.317361359519018649e+01
2.319951617534539068e+01
2.322542505180702221e+01
2.325134019878200675e+01
2.327726159046995136e+01
2.330318920106385860e+01
2.332912300475074829e+01
2.335506297571257051e+01
2.338100908812673850e+01
2.340696131616700271e+01
2.343291963400420030e+01
2.345888401580707239e+01
2.348485443574284659e+01
2.351083086797829580e+01
2.353681328668043449e+01
2.356280166601731096e+01
2.358879598015892753e+01
2.361479620327803630e+01
2.364080230955095629e+01
2.366681427315846520e+01
2.369283206828677280e+01
2.371885566912813914e+01
2.374488504988205051e+01
2.377092018475597257e+01
2.379696104796610712e+01
2.382300761373865328e+01
2.384905985631026937e+01
2.387511774992943003e+01
2.390118126885699823e+01
2.392725038736732301e+01
2.395332507974907799e+01
2.397940532030627381e+01
2.400549108335909310e+01
2.403158234324489939e+01
2.405767907431911112e+01
2.408378125095615019e+01
2.410988884755038697e+01
2.413600183851711023e+01
2.416212019829334778e+01
2.418824390133893232e+01
2.421437292213733627e+01
2.424050723519662398e+01
2.426664681505045351e+01
2.429279163625883342e+01
2.431894167340928448e+01
2.434509690111753244e+01
2.437125729402852414e+01
2.439742282681742580e+01
2.442359347419026960e+01
2.444976921088519717e+01
2.447595001167316653e+01
2.450213585135870176e+01
2.452832670478120036e+01
2.455452254681535251e+01
2.458072335237237382e+01
2.460692909640065196e+01
2.463313975388672716e+01
2.465935529985609520e+01
2.468557570937403511e+01
2.471180095754651163e+01
2.473803101952104555e+01
2.476426587048736039e+01
2.479050548567839130e+01
2.481674984037099563e+01
2.484299890988675941e+01
2.486925266959274339e+01
2.489551109490243519e+01
2.492177416127628575e+01
2.494804184422261528e+01
2.497431411929837708e+01
2.500059096210980769e+01
2.502687234831310548e+01
2.505315825361545023e+01
2.507944865377529098e+01
2.510574352460337622e+01
2.513204284196325489e+01
2.515834658177205441e+01
2.518465472000097449e+01
2.521096723267621798e+01
2.523728409587941357e+01
2.526360528574822695e+01
2.528993077847703219e+01
2.531626055031766853e+01
2.534259457757972811e+01
2.536893283663135890e+01
2.539527530389973720e+01
2.542162195587165385e+01
2.544797276909395123e+01
2.547432772017428348e+01
2.550068678578131198e+01
2.552704994264548688e+01
2.555341716755932424e+01
2.557978843737804198e+01
2.560616372901987603e+01
2.563254301946664171e+01
2.565892628576407120e+01
2.568531350502229671e+01
2.571170465441626618e+01
2.573809971118608431e+01
2.576449865263735006e+01
2.579090145614168605e+01
2.581730809913689129e+01
2.584371855912747051e+01
2.587013281368479056e+01
2.589655084044744626e+01
2.592297261712167611e+01
2.594939812148141556e+01
2.597582733136877309e+01
2.600226022469422560e+01
2.602869677943676052e+01
2.605513697364425241e+01
2.608158078543365832e+01
2.610802819299108890e+01
2.613447917457211034e+01
2.616093370850199662e+01
2.618739177317567979e+01
2.621385334705809456e+01
2.624031840868420318e+01
2.626678693665926190e+01
2.629325890965865398e+01
2.631973430642836220e+01
2.634621310578470244e+01
2.637269528661471441e+01
2.639918082787593079e+01
2.642566970859667563e+01
2.645216190787586541e+01
2.647865740488341402e+01
2.650515617885965369e+01
2.653165820911597450e+01
2.655816347503440511e+01
2.658467195606770872e+01
2.661118363173934398e+01
2.663769848164346854e+01
2.666421648544484668e+01
2.669073762287873564e+01
2.671726187375087136e+01
2.674378921793743658e+01
2.677031963538475523e+01
2.679685310610950566e+01
2.682338961019815571e+01
2.684992912780738905e+01
2.687647163916343729e+01
2.690301712456235350e+01
2.692956556436948290e+01
2.695611693901957651e+01
2.698267122901653181e+01
2.700922841493316184e+01
2.703578847741094648e+01
2.706235139716003957e+01
2.708891715495880348e+01
2.711548573165381271e+01
2.714205710815935291e+01
2.716863126545755946e+01
2.719520818459776734e+01
2.722178784669654661e+01
2.724837023293726190e+01
2.727495532456996585e+01
2.730154310291095143e+01
2.732813354934254590e+01
2.735472664531287634e+01
2.738132237233548949e+01
2.740792071198903557e+01
2.743452164591706222e+01
2.746112515582753844e+01
2.748773122349270182e+01
2.751433983074857537e+01
2.754095095949474370e+01
2.756756459169391604e+01
2.759418070937170597e+01
2.762079929461615180e+01
2.764742032957744300e+01
2.767404379646747614e+01
2.770066967755957066e+01
2.772729795518808160e+01
2.775392861174795200e+01
2.778056162969446419e+01
2.780719699154273883e+01
2.783383467986736548e+01
2.786047467730208282e+01
2.788711696653931327e+01
2.791376153032978991e+01
2.794040835148215862e+01
2.796705741286253755e+01
2.799370869739423995e+01
2.802036218805712053e+01
2.804701786788750439e+01
2.807367571997732014e+01
2.810033572747422426e+01
2.812699787358070935e+01
2.815366214155394076e+01
2.818032851470532663e+01
2.820699697639993531e+01
2.823366751005628217e+01
2.826034009914576828e+01
2.828701472719227183e+01
2.831369137777175027e+01
2.834037003451178549e+01
2.836705068109126771e+01
2.839373330123971328e+01
2.842041787873715819e+01
2.844710439741344743e+01
2.847379284114806808e+01
2.850048319386937479e+01
2.852717543955461110e+01
2.855386956222908879e+01
2.858056554596597820e+01
2.860726337488581805e+01
2.863396303315611391e+01
2.866066450499081242e+01
2.868736777465012011e+01
2.871407282643975023e+01
2.874077964471088720e+01
2.876748821385940502e+01
2.879419851832566124e+01
2.882091054259407770e+01
2.884762427119267514e+01
2.887433968869266110e+01
2.890105677970804621e+01
2.892777552889521431e+01
2.895449592095261693e+01
2.898121794062020484e+01
2.900794157267917228e+01
2.903466680195154126e+01
2.906139361329970683e+01
2.908812199162604628e+01
2.911485192187267756e+01
2.914158338902090861e+01
2.916831637809091404e+01
2.919505087414136923e+01
2.922178686226919808e+01
2.924852432760886956e+01
2.927526325533244389e+01
2.930200363064890823e+01
2.932874543880399187e+01
2.935548866507965471e+01
2.938223329479390955e+01
2.940897931330043491e+01
2.943572670598803853e+01
2.946247545828061831e+01
2.948922555563663295e+01
2.951597698354883192e+01
2.954272972754388960e+01
2.956948377318217069e+01
2.959623910605734665e+01
2.962299571179604740e+01
2.964975357605767670e+01
2.967651268453391467e+01
2.970327302294871430e+01
2.973003457705766550e+01
2.975679733264800220e+01
2.978356127553802324e+01
2.981032639157717412e+01
2.983709266664538973e+01
2.986386008665314407e+01
2.989062863754089250e+01
2.991739830527909305e+01
2.994416907586781917e+01
2.997094093533636894e+01
2.999771386974326148e+01
3.002448786517592438e+01
3.005126290775029574e+01
3.007803898361079931e+01
3.010481607893001410e+01
3.013159417990846478e+01
3.015837327277442625e+01
3.018515334378365012e+01
3.021193437921919767e+01
3.023871636539134045e+01
3.026549928863710193e+01
3.029228313532035699e+01
3.031906789183140560e+01
3.034585354458692663e+01
3.037264008002975046e+01
3.039942748462877731e+01
3.042621574487856506e+01
3.045300484729947854e+01
3.047979477843728446e+01
3.050658552486313013e+01
3.053337707317328054e+01
3.056016940998916098e+01
3.058696252195698406e+01
3.061375639574783136e+01
3.064055101805729819e+01
3.066734637560557886e+01
3.069414245513721085e+01
3.072093924342102866e+01
3.074773672724994711e+01
3.077453489344099680e+01
3.080133372883512166e+01
3.082813322029707948e+01
3.085493335471536369e+01
3.088173411900219989e+01
3.090853550009325090e+01
3.093533748494779800e+01
3.096214006054839274e+01
3.098894321390098483e+01
3.101574693203472322e+01
3.104255120200202356e+01
3.106935601087837284e+01
3.109616134576234003e+01
3.112296719377550502e+01
3.114977354206236626e+01
3.117658037779043312e+01
3.120338768814999852e+01
3.123019546035421357e+01
3.125700368163900578e+01
3.128381233926312177e+01
3.131062142050791763e+01
3.133743091267766090e+01
3.136424080309909002e+01
3.139105107912170567e+01
3.141786172811767486e+01
3.144467273748177760e+01
3.147148409463139629e+01
3.149829578700659027e+01
3.152510780206998930e+01
3.155192012730686457e+01
3.157873275022511095e+01
3.160554565835523277e+01
3.163235883925036518e+01
3.165917228048632026e+01
3.168598596966151959e+01
3.171279989439714697e+01
3.173961404233696015e+01
3.176642840114755728e+01
3.179324295851813531e+01
3.182005770216083462e+01
3.184687261981039086e+01
3.187368769922452216e+01
3.190050292818370536e+01
3.192731829449136072e+01
3.195413378597377019e+01
3.198094939048027285e+01
3.200776509588314411e+01
3.203458089007772003e+01
3.206139676098240443e+01
3.208821269653878261e+01
3.211502868471158934e+01
3.214184471348885808e+01
3.216866077088175757e+01
3.219547684492494000e+01
3.222229292367630649e+01
3.224910899521731267e+01
3.227592504765286918e+01
3.230274106911139143e+01
3.232955704774493455e+01
3.235637297172924320e+01
3.238318882926370179e+01
3.241000460857157606e+01
3.243682029789992782e+01
3.246363588551970736e+01
3.249045135972589549e+01
3.251726670883741832e+01
3.254408192119728227e+01
3.257089698517282272e+01
3.259771188915537721e+01
3.262452662156073302e+01
3.265134117082890697e+01
3.267815552542445090e+01
3.270496967383624565e+01
3.273178360457787761e+01
3.275859730618741139e+01
3.278541076722769532e+01
3.281222397628625487e+01
3.283903692197546320e+01
3.286584959293250563e+01
3.289266197781958567e+01
3.291947406532383269e+01
3.294628584415753636e+01
3.297309730305804010e+01
3.299990843078791869e+01
3.302671921613494987e+01
3.305352964791238435e+01
3.308033971495868997e+01
3.310714940613782886e+01
3.313395871033932139e+01
3.316076761647822480e+01
3.318757611349521852e+01
3.321438419035667522e+01
