2.565577846796071570e-15
2.106117339531001498e-01
4.431478655780264342e-01
6.783290609307819352e-01
9.031807473707620382e-01
1.109533794692612485e+00
1.292953254917668993e+00
1.451794033567791464e+00
1.586397448772381757e+00
1.698430831166666710e+00
1.790363048287754388e+00
1.865063059583814686e+00
1.925505483812390395e+00
1.974565986771439352e+00
2.014889509051527750e+00
2.048815498544934499e+00
2.078346030539476530e+00
2.105144707735258525e+00
2.130556321161189537e+00
2.155639269390068335e+00
2.181204578247975423e+00
2.207856979311950685e+00
2.236034868496671990e+00
2.266047075309504777e+00
2.298105244306534622e+00
2.332351288050117599e+00
2.368879845493903513e+00
2.407756002615104141e+00
2.449028733620793652e+00
2.492740628923693968e+00
2.538934514608115922e+00
2.587657557780936202e+00
2.638963409718462660e+00
2.692912877216965040e+00
2.749573541982402336e+00
2.809018675469523441e+00
2.871325727257435290e+00
2.936574601947780749e+00
3.004845884425189961e+00
3.076219126789016656e+00
3.150771272294379699e+00
3.228575261654958783e+00
3.309698844212630053e+00
3.394203599756018708e+00
3.482144165135215630e+00
3.573567652265829953e+00
3.668513239726807207e+00
3.767011918125840353e+00
3.869086369064763886e+00
3.974750958315340199e+00
4.084011825297964471e+00
4.196867052787587760e+00
4.313306902743562432e+00
4.433314106069417448e+00
4.556864195889686719e+00
4.683925875499393321e+00
4.814461413482511887e+00
4.948427059614641799e+00
5.085773476074098909e+00
5.226446179208460663e+00
5.370385987681850715e+00
5.517529473279521923e+00
5.667809411010370724e+00
5.821155225449181181e+00
5.977493430512041073e+00
6.136748060098574875e+00
6.298841087243873815e+00
6.463692829648060467e+00
6.631222339668735088e+00
6.801347777084512103e+00
6.973986763174290004e+00
7.149056714888821773e+00
7.326475158130874021e+00
7.506160019399850114e+00
7.688029895291450089e+00
7.872004299564818730e+00
8.058003887711691959e+00
8.245950659160637741e+00
8.435768137438632408e+00
8.627381528779487496e+00
8.820717859817605699e+00
9.015706095142316912e+00
9.212277235590008218e+00
9.410364398248301399e+00
9.609902879212970817e+00
9.810830200199571749e+00
1.001308614013508880e+01
1.021661275289078397e+01
1.042135437230532879e+01
1.062725760565872335e+01
1.083427131672118726e+01
1.104234659948913766e+01
1.125143674366850988e+01
1.146149719293687141e+01
1.167248549695415427e+01
1.188436125804814658e+01
1.209708607344031961e+01
1.231062347382122724e+01
1.252493885902194393e+01
1.273999943147947000e+01
1.295577412811843843e+01
1.317223355123195283e+01
1.338934989887425786e+01
1.360709689522933097e+01
1.382544972137483086e+01
1.404438494679293115e+01
1.426388046195702941e+01
1.448391541226016699e+01
1.470447013351838272e+01
1.492552608925059587e+01
1.514706580988666929e+01
1.536907283403924218e+01
1.559153165193855983e+01
1.581442765109846249e+01
1.603774706427241270e+01
1.626147691972175480e+01
1.648560499381051514e+01
1.671011976591812953e+01
1.693501037565252787e+01
1.716026658232821234e+01
1.738587872666722234e+01
1.761183769466895299e+01
1.783813488359246691e+01
1.806476216997700135e+01
1.829171187964062284e+01
1.851897675957123823e+01
1.874654995163997739e+01
1.897442496805299328e+01
1.920259566846195298e+01
1.943105623865437792e+01
1.965980117073799249e+01
1.988882524474571767e+01
2.011812351157477252e+01
2.034769127718863402e+01
2.057752408800460131e+01
2.080761771739405930e+01
2.103796815321940272e+01
2.126857158635170819e+01
2.149942440008953071e+01
2.173052316042753063e+01
2.196186460710559984e+01
2.219344564539308706e+01
2.242526333853845699e+01
2.265731490085108035e+01
2.288959769135129818e+01
2.312210920795445190e+01
2.335484708213749627e+01
2.358780907405500216e+01
2.382099306806371430e+01
2.405439706862048865e+01
2.428801919652080699e+01
2.452185768544904221e+01
2.475591087881234387e+01
2.499017722682869191e+01
2.522465528384854849e+01
2.545934370588730644e+01
2.569424124834627321e+01
2.592934676390333593e+01
2.616465920056093353e+01
2.640017759982484336e+01
2.663590109501350867e+01
2.687182890967189053e+01
2.710796035608515453e+01
2.734429483387911830e+01
2.758083182869745542e+01
2.781757091094864620e+01
2.805451173460875225e+01
2.829165403608388019e+01
2.852899763311101822e+01
2.876654242370810266e+01
2.900428838515118457e+01
2.924223557298797971e+01
2.948038412007610631e+01
2.971873423564532501e+01
2.995728620437918721e+01
3.019604038551248948e+01
3.043499721194714525e+01
3.067415718937560598e+01
3.091352089542037618e+01
3.115308897878058758e+01
3.139286215838333760e+01
3.163284122254852093e+01
3.187302702815269129e+01
3.211342049980437707e+01
3.235402262901725123e+01
3.259483447339341922e+01
3.283585715580568376e+01
3.307709186358616904e+01
3.331853984771629484e+01
3.356020242202001214e+01
3.380208096235930526e+01
3.404417690583383660e+01
3.428649174998284366e+01
3.452902705198818012e+01
3.477178442788252255e+01
3.501476555175992189e+01
3.525797215498921844e+01
3.550140602542975898e+01
3.574506900665252829e+01
3.598896299716329850e+01
3.623308994962987128e+01
3.647745187011348378e+01
3.672205081730356824e+01
3.696688890175857978e+01
3.721196828514683830e+01
3.745729117949787224e+01
3.770285984645308019e+01
3.794867659652334169e+01
3.819474378835403172e+01
3.844106382798742061e+01
3.868763916814057779e+01
3.893447230748046195e+01
3.918156578990652861e+01
3.942892220384047164e+01
3.967654418151920481e+01
3.992443439829551721e+01
4.017259557194276454e+01
4.042103046196486815e+01
4.066974186891377485e+01
4.091873263371186198e+01
4.116800563698012638e+01
4.141756379837097057e+01
4.166741007590985646e+01
4.191754746533936782e+01
4.216797899947192718e+01
4.241870774754701756e+01
4.266973681459467116e+01
4.292106934080382530e+01
4.317270850089892065e+01
4.342465750352002374e+01
4.367691959060970674e+01
4.392949803680727427e+01
4.418239614884416255e+01
4.443561726495153152e+01
4.468916475426914303e+01
4.494304201625973150e+01
4.519725248013313035e+01
4.545179960427273613e+01
4.570668687566598010e+01
4.596191780934665871e+01
4.621749594783528892e+01
4.647342486059173439e+01
4.672970814346797397e+01
4.698634941816916211e+01
4.724335233172138260e+01
4.750072055593864206e+01
4.775845778690353427e+01
4.801656774444745679e+01
4.827505417163683887e+01
4.853392083426663817e+01
4.879317152035630301e+01
4.905281003965444597e+01
4.931284022314392246e+01
4.957326592255590469e+01
4.983409100988566820e+01
5.009531937691746606e+01
5.035695493475017770e+01
5.061900161332818016e+01
5.088146336098148481e+01
5.114434414396518491e+01
5.140764794600571008e+01
5.167137876785253070e+01
5.193554062683313077e+01
5.220013755641468833e+01
5.246517360576683586e+01
5.273065283933271985e+01
5.299657933640131091e+01
5.326295719068635037e+01
5.352979050990850851e+01
5.379708341538227501e+01
5.406484004160856216e+01
5.433306453586672546e+01
5.460176105781809497e+01
5.487093377910692027e+01
5.514058688297052413e+01
5.541072456385055034e+01
5.568135102700853167e+01
5.595247048814664481e+01
5.622408717303338221e+01
5.649620531712966454e+01
5.676882916522296796e+01
5.704196297106153679e+01
5.731561099699617756e+01
5.758977751362311892e+01
5.786446679943284011e+01
5.813968314046027785e+01
5.841543082993950264e+01
5.869171416796547192e+01
5.896853746115422723e+01
5.924590502230978473e+01
5.952382117009389617e+01
5.980229022870136646e+01
6.008131652753425556e+01
6.036090440088372588e+01
6.064105818761618139e+01
6.092178223085741706e+01
6.120308087768674454e+01
6.148495847882912813e+01
6.176741938835525048e+01
6.205046796338041304e+01
6.233410856377143716e+01
6.261834555185347995e+01
6.290318329212098547e+01
6.318862615095255109e+01
6.347467849632877801e+01
6.376134469755216116e+01
6.404862912497301863e+01
6.433653614971464663e+01
6.462507014340546618e+01
6.491423547791035276e+01
6.520403652506971071e+01
6.549447765643601826e+01
6.578556324301962377e+01
6.607729765503196973e+01
6.636968526163357751e+01
6.666273043068841275e+01
6.695643752851594854e+01
6.725081091964895563e+01
6.754585496659291266e+01
6.784157402959041860e+01
6.813797246638620209e+01
6.843505463199596761e+01
6.873282487847558286e+01
6.903128755469914779e+01
6.933044700613253042e+01
6.963030757461456233e+01
6.993087359813708304e+01
7.023214941063309880e+01
7.053413934176055022e+01
7.083684771669490488e+01
7.114027885591960398e+01
7.144443707502398411e+01
7.174932668449750395e+01
7.205495198953273928e+01
7.236131728982678624e+01
7.265986647944663446e+01
7.295772496379390759e+01
7.325619991173931567e+01
7.355523711765221151e+01
7.385477855358624311e+01
7.415476927438163557e+01
7.445516163424645129e+01
7.475591738646329532e+01
7.505700830329755036e+01
7.535841581485033203e+01
7.566013004668643305e+01
7.596214853712427839e+01
7.626447483473413058e+01
7.656711711276534515e+01
7.687008688780241528e+01
7.717339789272368478e+01
7.747706512684192148e+01
7.778110408704485224e+01
7.808553017110892824e+01
7.839035823658770141e+01
7.869560229460830669e+01
7.900127531645932777e+01
7.930738913122132772e+01
7.961395439423461085e+01
7.992098060842789664e+01
8.022847618307781659e+01
8.053644851717882602e+01
8.084490409712196879e+01
8.115384860064409622e+01
8.146328700106056431e+01
8.177322366747199567e+01
8.208366245807525274e+01
8.239460680483517763e+01
8.270605978865324914e+01
8.301802420483396361e+01
8.333050261911927237e+01
8.364349741488763357e+01
8.395701083230170525e+01
8.427104500030206680e+01
8.458560196237255013e+01
8.490068369698059314e+01
8.521629213354634658e+01
8.553242916472123625e+01
8.584909665566271997e+01
8.616629645091177281e+01
8.648403037937919180e+01
8.680230025787925285e+01
8.712110789355273255e+01
8.744045508546922463e+01
8.776034362563922286e+01
8.808077529959717822e+01
8.840175188670775697e+01
8.872327516028394712e+01
8.904534688758887739e+01
8.936796882978347867e+01
8.969114274183851876e+01
9.001487037245310319e+01
9.033915346397060375e+01
9.066399375232032298e+01
9.098939296696630663e+01
9.131535283088328470e+01
9.164187506053946208e+01
9.196896136589350590e+01
9.229661345039909293e+01
9.262483301101292454e+01
9.295362173820689122e+01
9.328298131597517795e+01
9.361291342184188125e+01
9.394341972686157760e+01
9.427450189561675131e+01
9.460616158620689475e+01
9.493840045023500807e+01
9.527122013278363966e+01
9.560462227238792821e+01
9.593860850100105608e+01
9.627318044396014329e+01
9.660833971993764635e+01
9.694408794090099946e+01
9.728042671205741954e+01
9.761735763180678305e+01
9.795488229168250882e+01
9.829300227629778419e+01
9.863171916328622046e+01
9.897103452324444106e+01
9.931094991967063379e+01
9.965146690890463788e+01
9.999258704006788889e+01
1.003343118550046569e+02
1.006766428882163495e+02
1.010195816668068005e+02
1.013631297104176952e+02
1.017072885311703203e+02
1.020520596336053245e+02
1.023974445146243397e+02
1.027434446634300116e+02
1.030900615614672802e+02
1.034372966823657976e+02
1.037851514918815496e+02
1.041336274478412633e+02
1.044827260000819678e+02
1.048324485903988119e+02
1.051827966524857487e+02
1.055337716118809226e+02
1.058853748859119150e+02
1.062376078836406350e+02
1.065904720058081807e+02
1.069439686447823306e+02
1.072980991845005860e+02
1.076528650004216843e+02
1.080082674594690388e+02
1.083643079199790691e+02
1.087209877316502116e+02
1.090783082354902263e+02
1.094362707637639005e+02
1.097948766399453007e+02
1.101541271786624634e+02
1.105140236856508409e+02
1.108745674577024261e+02
1.112357597826142523e+02
1.115976019391430327e+02
1.119600951969525795e+02
1.123232408165666243e+02
1.126870400493219222e+02
1.130514941373186701e+02
1.134166043133735684e+02
1.137823718009724274e+02
1.141487978142250483e+02
1.145158835578158119e+02
1.148836302269600651e+02
1.152520390073576095e+02
1.156211110751452225e+02
1.159908475968551329e+02
1.163612497293672590e+02
1.167323186198646567e+02
1.171040554057925078e+02
1.174764612148099303e+02
1.178495371647490515e+02
1.182232843635705422e+02
1.185977039093213534e+02
1.189727968900907626e+02
1.193485643839696309e+02
1.197250074590070312e+02
1.201021271731690945e+02
1.204799245742967599e+02
1.208584007000640099e+02
1.212375565779386619e+02
1.216173932251415977e+02
1.219979116486030648e+02
1.223791128449263397e+02
1.227609978003457059e+02
1.231435674906880990e+02
1.235268228813324498e+02
1.239107649271715417e+02
1.242953945725728033e+02
1.246807127513393425e+02
1.250667203866728840e+02
1.254534183911346190e+02
1.258408076666070770e+02
1.262288891042576751e+02
1.266176635845015994e+02
1.270071319769626257e+02
1.273972951404383878e+02
1.277881539228644101e+02
1.281797091612737631e+02
1.285719616817668509e+02
1.289649122994704840e+02
1.293585618185044268e+02
1.297529110319470931e+02
1.301479607217969772e+02
1.305437116589420725e+02
1.309401646031214739e+02
1.313373203028937155e+02
1.317351794955997661e+02
1.321337429073306566e+02
1.325330112528949371e+02
1.329329852357818993e+02
1.333336655481310231e+02
1.337350528706959949e+02
1.341371478728169109e+02
1.345399512123793784e+02
1.349434635357902437e+02
1.353476854779407290e+02
1.357526176621745435e+02
1.361582607002575287e+02
1.365646151923440925e+02
1.369716817269483897e+02
1.373794608809092779e+02
1.377879532193626915e+02
1.381971592957083885e+02
