3.266123796412866543e-14
2.681792545419947604e+00
5.645290502666431287e+00
8.645156880710242575e+00
1.151415040445186477e+01
1.414497465553946398e+01
1.647749345438970892e+01
1.848726936396227316e+01
2.017559039892770301e+01
2.156109156679904970e+01
2.267297848221682344e+01
2.354576873490015387e+01
2.421539830702200646e+01
2.471649984879113759e+01
2.508064456433037748e+01
2.533534394598858697e+01
2.550362504518842499e+01
2.560401760121462900e+01
2.565081874508789639e+01
2.565452811551940826e+01
2.562237119299565791e+01
2.555885047966494383e+01
2.546628244398460339e+01
2.534529292701937919e+01
2.519525522872616108e+01
2.501466374196678188e+01
2.480144221494895262e+01
2.455318993733174082e+01
2.426737177236742582e+01
2.394145936496812155e+01
2.357303136086917661e+01
2.315984034068493713e+01
2.269985362026854503e+01
2.219127426544947568e+01
2.163254774448482465e+01
2.102235869032943683e+01
2.035962133284576225e+01
1.964346633078757876e+01
1.887322600851146248e+01
1.804841939293354613e+01
1.716873795191887098e+01
1.623403254912053839e+01
1.524430184086452300e+01
1.419968213458893835e+01
1.310043859131288535e+01
1.194695757287921190e+01
1.073973989550617247e+01
9.479394743343773300e+00
8.166634009594552879e+00
6.802266860722892439e+00
5.387194354912364425e+00
3.922403984798581433e+00
2.408964052855209204e+00
8.480178237186021262e-01
-7.592225706934085938e-01
-2.411482470700781366e+00
-4.107431248896581621e+00
-5.845689050234813777e+00
-7.624833660054750162e+00
-9.443407440525245278e+00
-1.129992427234060060e+01
-1.319287643780650932e+01
-1.512074138328143036e+01
-1.708198830267124180e+01
-1.907508448873040052e+01
-2.109850140507434091e+01
-2.315072043832295634e+01
-2.523023829680597530e+01
-2.733557202913123874e+01
-2.946526364266048148e+01
-3.161788430837323816e+01
-3.379203814457577693e+01
-3.598636557736332975e+01
-3.819954628069535119e+01
-4.043030170333270235e+01
-4.267739719356416828e+01
-4.493964373598701201e+01
-4.721589931720647826e+01
-4.950506993952768653e+01
-5.180611030337845335e+01
-5.411802418043788521e+01
-5.643986450037370162e+01
-5.877073317446519951e+01
-6.110978067965914562e+01
-6.345620542641370321e+01
-6.580925293342470184e+01
-6.816821483163946027e+01
-7.053242771937905786e+01
-7.290127188932316926e+01
-7.527416994732264754e+01
-7.765058534170088933e+01
-8.003002082077173895e+01
-8.241201683488458229e+01
-8.479614989830535876e+01
-8.718203092481002159e+01
-8.956930354980990217e+01
-9.195764245051317687e+01
-9.434675167452761002e+01
-9.673636298607989659e+01
-9.912623423809685619e+01
-1.015161477771372631e+02
-1.039059088873983683e+02
-1.062953442789419398e+02
-1.086843006244584018e+02
-1.110726431482005410e+02
-1.134602542697286083e+02
-1.158470323047395425e+02
-1.182328902243773712e+02
-1.206177544739791472e+02
-1.230015638517668037e+02
-1.253842684473661109e+02
-1.277658286398408620e+02
-1.301462141544754445e+02
-1.325254031771909240e+02
-1.349033815253912678e+02
-1.372801418736387689e+02
-1.396556830324865643e+02
-1.420300092785984702e+02
-1.444031297342154119e+02
-1.467750577938922731e+02
-1.491458105963840239e+02
-1.515154085395402035e+02
-1.538838748360303725e+02
-1.562512351076734092e+02
-1.586175170162894972e+02
-1.609827499288339823e+02
-1.633469646148046763e+02
-1.657101929737901855e+02
-1.680724677912052982e+02
-1.704338225202864123e+02
-1.727942910884253820e+02
-1.751539077261321609e+02
-1.775127068168178539e+02
-1.798707227658229328e+02
-1.822279898871321109e+02
-1.845845423062582711e+02
-1.869404138778889148e+02
-1.892956381170649820e+02
-1.916502481425311544e+02
-1.940042766311900664e+02
-1.963577557824894200e+02
-1.987107172918352944e+02
-2.010631923319242560e+02
-2.034152115413009199e+02
-2.057668050191701354e+02
-2.081180023258209246e+02
-2.104688324878831622e+02
-2.128193240078563235e+02
-2.151695048772857888e+02
-2.175194025930514670e+02
-2.198690441763012586e+02
-2.222184561935645206e+02
-2.245676647796932173e+02
-2.269166956622026987e+02
-2.292655741867235690e+02
-2.316143253433064331e+02
-2.339629737932480680e+02
-2.363115438962493613e+02
-2.386600597377327801e+02
-2.410085451560396166e+02
-2.433570237694799232e+02
-2.457055190029977894e+02
-2.480540541143691087e+02
-2.504026522198439864e+02
-2.527513363191309281e+02
-2.551001293196782171e+02
-2.574490540601237285e+02
-2.597981333329960876e+02
-2.621473899064732223e+02
-2.644968465453336535e+02
-2.668465260309221776e+02
-2.691964511802542575e+02
-2.715466448641736861e+02
-2.738971300246012675e+02
-2.762479296908623496e+02
-2.785990669950865026e+02
-2.809505651867632423e+02
-2.833024476463665451e+02
-2.856547378981687757e+02
-2.880074596222124796e+02
-2.903606366654200315e+02
-2.927142930520033701e+02
-2.950684529930293252e+02
-2.974231408953161804e+02
-2.997783813695647837e+02
-3.021341992378586951e+02
-3.044906195404743698e+02
-3.068476675420953939e+02
-3.092053687374108222e+02
-3.115637488561425243e+02
-3.139228338675329155e+02
-3.162826499843134798e+02
-3.186432236661869410e+02
-3.210045816228203535e+02
-3.233667508164126048e+02
-3.257297584638363901e+02
-3.280936320383860334e+02
-3.304583992711288261e+02
-3.328240881519250820e+02
-3.351907269300990038e+02
-3.375583441147907706e+02
-3.399269684750270812e+02
-3.422966290394838325e+02
-3.446673550960285297e+02
-3.470391761909519914e+02
-3.494121221280410055e+02
-3.517862229673735897e+02
-3.541615090239433243e+02
-3.565380108661020131e+02
-3.589157593137673530e+02
-3.612947854365538660e+02
-3.636751205516799814e+02
-3.660567962217463105e+02
-3.684398442524014854e+02
-3.708242966898582154e+02
-3.732101858183262948e+02
-3.755975441572977047e+02
-3.779864044587659464e+02
-3.803767997043401010e+02
-3.827687631022837422e+02
-3.851623280844701753e+02
-3.875575283032570724e+02
-3.899543976283288771e+02
-3.923529701434400181e+02
-3.947532801431325424e+02
-3.971553621293972469e+02
-3.995592508082883683e+02
-4.019649810864907522e+02
-4.043725880678703106e+02
-4.067821070499799134e+02
-4.091935735205329365e+02
-4.116070231538809026e+02
-4.140224918074064249e+02
-4.164400155179772582e+02
-4.188596304983353775e+02
-4.212813731334607041e+02
-4.237052799769827516e+02
-4.261313877475349159e+02
-4.285597333250912016e+02
-4.309903537473674646e+02
-4.334232862061383571e+02
-4.358585680436232224e+02
-4.382962367488229916e+02
-4.407363299538791352e+02
-4.431788854304714960e+02
-4.456239410861285819e+02
-4.480715349606605287e+02
-4.505217052225247585e+02
-4.529744901652112503e+02
-4.554299282036685668e+02
-4.578880578706983897e+02
-4.603489178134229860e+02
-4.628125467896915097e+02
-4.652789836645663968e+02
-4.677482674067688322e+02
-4.702204370852060151e+02
-4.726955318654572693e+02
-4.751735910062803327e+02
-4.776546538561940451e+02
-4.801387598500140257e+02
-4.826259485054289939e+02
-4.851162594196113673e+02
-4.876097322658256417e+02
-4.901064067900846339e+02
-4.926063228077870235e+02
-4.951095202004210023e+02
-4.976160389122441643e+02
-5.001259189470331989e+02
-5.026392003648073228e+02
-5.051559232786095208e+02
-5.076761278513104116e+02
-5.101998542923882383e+02
-5.127271428548037875e+02
-5.152580338318363147e+02
-5.177925675539876238e+02
-5.203307843858805199e+02
-5.228727247231879574e+02
-5.254184289895896427e+02
-5.279679376337729764e+02
-5.305212911264122795e+02
-5.330785299572153235e+02
-5.356396946319642893e+02
-5.382048256696086810e+02
-5.407739635993572165e+02
-5.433471489578192859e+02
-5.459244222861445905e+02
-5.485058241271984798e+02
-5.510913950227890155e+02
-5.536811755108691386e+02
-5.562752061228029561e+02
-5.588735273806322539e+02
-5.614761797944081536e+02
-5.640832038594761570e+02
-5.666946400538554371e+02
-5.693105288356275651e+02
-5.719309106403070473e+02
-5.745558258783022438e+02
-5.771853149323409298e+02
-5.798194181549694122e+02
-5.824581758660417563e+02
-5.851016283502535771e+02
-5.877498158546968625e+02
-5.904027785864309408e+02
-5.930605567100832332e+02
-5.957231903454879784e+02
-5.983907195653183635e+02
-6.010631843927880027e+02
-6.037406247993185389e+02
-6.064230807022996714e+02
-6.091105919628054153e+02
-6.118031983833936920e+02
-6.145009397058739751e+02
-6.172038556091682722e+02
-6.199119857071220849e+02
-6.226253695463736904e+02
-6.253440466042773096e+02
-6.280680562867948993e+02
-6.307974379264403524e+02
-6.335322307802346131e+02
-6.362724740277133151e+02
-6.390182067689216865e+02
-6.417694680224542481e+02
-6.445262967234889402e+02
-6.472887317219052647e+02
-6.500568117803529731e+02
-6.528305755723986294e+02
-6.556100616806425023e+02
-6.583953085949269735e+02
-6.611863547104941290e+02
-6.639832383262171334e+02
-6.667859976428237587e+02
-6.695946707611727788e+02
-6.724092956805079666e+02
-6.752299102967766657e+02
-6.780565524009562068e+02
-6.808976885123549891e+02
-6.837255294550121789e+02
-6.865394345766669630e+02
-6.893431572023328044e+02
-6.921396445515173355e+02
-6.949311938837145135e+02
-6.977195843010133558e+02
-7.005061868446033486e+02
-7.032920550482327826e+02
-7.060779983043232733e+02
-7.088646404270981520e+02
-7.116524657067693624e+02
-7.144418545812824277e+02
-7.172331108380656133e+02
-7.200264820227304199e+02
-7.228221744927799364e+02
-7.256203643241367445e+02
-7.284212050655415851e+02
-7.312248331452849470e+02
-7.340313715680331370e+02
-7.368409323979282135e+02
-7.396536184056519687e+02
-7.424695241606245872e+02
-7.452887367720983320e+02
-7.481113364223318740e+02
-7.509373967885770753e+02
-7.537669854158431235e+02
-7.566001640772105929e+02
-7.594369891405111730e+02
-7.622775119485606865e+02
-7.651217792122698711e+02
-7.679698334117761078e+02
-7.708217131987132689e+02
-7.736774537920972534e+02
-7.765370873609620048e+02
-7.794006433877926838e+02
-7.822681490082520668e+02
-7.851396293239945408e+02
-7.880151076867369966e+02
-7.908946059529324657e+02
-7.937781447093160523e+02
-7.966657434704029583e+02
-7.995574208495924040e+02
-8.024531947058731021e+02
-8.053530822684159602e+02
-8.082571002413309316e+02
-8.111652648910808239e+02
-8.140775921186572077e+02
-8.169940975187320191e+02
-8.199147964277912024e+02
-8.228397039628430321e+02
-8.257688350524841780e+02
-8.287022044615350751e+02
-8.316398268104198905e+02
-8.345817165904335297e+02
-8.375278881754983331e+02
-8.404783558313934009e+02
-8.434331337227113181e+02
-8.463922359182984110e+02
-8.493556763952855135e+02
-8.523234690422498261e+02
-8.552956276615320803e+02
-8.582721659710070981e+02
-8.612530976053985796e+02
-8.642384361172685203e+02
-8.672281949777418504e+02
-8.702223875770255290e+02
-8.732210272247858711e+02
-8.762241271503668258e+02
-8.792317005029631218e+02
-8.822437603516514173e+02
-8.852603196854096268e+02
-8.882813914130292687e+02
-8.913069883629997321e+02
-8.943371232833314934e+02
-8.973718088413966143e+02
-9.004110576236257657e+02
-9.034548821352925643e+02
-9.065032948001681916e+02
-9.095563079602580956e+02
-9.126139338754002210e+02
-9.156761847229456635e+02
-9.187430725973665631e+02
-9.218146095098762771e+02
-9.248908073880284064e+02
-9.279716780752968361e+02
-9.310572333306906785e+02
-9.341474848283304482e+02
-9.372424441570002500e+02
-9.403421228197665869e+02
-9.434465322335246356e+02
-9.465556837285857910e+02
-9.496695885482507720e+02
-9.527882578484059195e+02
-9.559117026970815232e+02
-9.590399340740408434e+02
-9.621729628703742492e+02
-9.653107998880740297e+02
-9.684534558396527473e+02
-9.716009413477009957e+02
-9.747532669445184865e+02
-9.779104430717031846e+02
-9.810724800797553371e+02
-9.842393882276934391e+02
-9.874111776826711093e+02
-9.905878585195871437e+02
-9.937694407207178529e+02
-9.969559341753157469e+02
-1.000147348679280526e+03
-1.003343693934757425e+03
-1.006544979549788536e+03
-1.009751215037959923e+03
-1.012962409818032938e+03
-1.016178573213592131e+03
-1.019399714452720445e+03
-1.022625842667616666e+03
-1.025856966894288689e+03
-1.029093096072207118e+03
-1.032334239043949538e+03
-1.035580404554917322e+03
-1.038831601252958762e+03
-1.042087837688077798e+03
-1.045349122312114787e+03
-1.048615463478409310e+03
-1.051886869441519593e+03
-1.055163348356876213e+03
-1.058444908280515619e+03
-1.061731557168751806e+03
-1.065023302877883907e+03
-1.068320153163921532e+03
-1.071622115682244385e+03
-1.074929197987379212e+03
-1.078241407532662834e+03
-1.081558751669978847e+03
-1.084881237649487957e+03
-1.088208872619348085e+03
-1.091541663625425599e+03
-1.094879617611053618e+03
-1.098222741416744157e+03
-1.101571041779938923e+03
-1.104924525334747841e+03
-1.108283198611694615e+03
-1.111647068037458666e+03
-1.115016139934624107e+03
-1.118390420521439182e+03
-1.121769915911565249e+03
-1.125154632113864182e+03
-1.128544575032102102e+03
-1.131939750464774988e+03
-1.135340164104838550e+03
-1.138745821539499957e+03
-1.142156728249987282e+03
-1.145572889611315759e+03
-1.148994310892078602e+03
-1.152420997254222129e+03
-1.155852953752841813e+03
-1.159290185335966271e+03
-1.162732696844336488e+03
-1.166180493011217777e+03
-1.169633578462187870e+03
-1.173091957714928412e+03
-1.176555635179036244e+03
-1.180024615155844458e+03
-1.183498901838182974e+03
-1.186978499310245525e+03
-1.190463411547354326e+03
-1.193953642415807053e+03
-1.197449195672679480e+03
-1.200950074965646991e+03
-1.204456283832820191e+03
-1.207967825702545952e+03
-1.211484703893271899e+03
-1.215006921613329041e+03
-1.218534481960805579e+03
-1.222067387923378874e+03
-1.225605642378123093e+03
-1.229149248091385743e+03
-1.232698207718598269e+03
-1.236252523804168732e+03
-1.239812198781256257e+03
-1.243377234971694634e+03
-1.246947634585814512e+03
-1.250523399722280828e+03
-1.254104532367978891e+03
-1.257691034397859767e+03
-1.261282907574809769e+03
-1.264880153549499028e+03
-1.268482773860268708e+03
-1.272090769932989360e+03
