0.000000000000000000e+00
3.198596773910443447e-02
9.554994138330255571e-02
1.701836799064931072e-01
2.487244496060306287e-01
3.286255335303566727e-01
4.089883497244061750e-01
4.894960496113724968e-01
5.700371012341103327e-01
6.505724302303265150e-01
7.310885276786939224e-01
8.115808996202898973e-01
8.920482254281451029e-01
9.724902958672986264e-01
1.052907285225242795e+00
1.133299494412691732e+00
1.213667260283361582e+00
1.294010923693049930e+00
1.374330818239954954e+00
1.454627266384391771e+00
1.534900578118152614e+00
1.615151050582341874e+00
1.695378968011007403e+00
1.775584601803890550e+00
1.855768210664492379e+00
1.935930040765383220e+00
2.016070325927246110e+00
2.096189287851006444e+00
2.176287136323875604e+00
2.256364069493510538e+00
2.336420274116677298e+00
2.416455925853377540e+00
2.496471189559403392e+00
2.576466219599774732e+00
2.656441160158260484e+00
2.736396145580477501e+00
2.816331300686366834e+00
2.896246741125439783e+00
2.976142573692016402e+00
3.056018896676274466e+00
3.135875800185826456e+00
3.215713366471578905e+00
3.295531670244675304e+00
3.375330778984902302e+00
3.455110753240520527e+00
3.534871646910160425e+00
3.614613507522463909e+00
3.694336376485327200e+00
3.774040289346625610e+00
3.853725276011171541e+00
3.933391360973633955e+00
4.013038563510476386e+00
4.092666897871633402e+00
4.172276373463486010e+00
4.251866995003183547e+00
4.331438762675884568e+00
4.410991672268266051e+00
4.490525715294185538e+00
4.570040879126414879e+00
4.649537147085669453e+00
4.729014498558305135e+00
4.808472909078606250e+00
4.887912350416796947e+00
4.967332790668009146e+00
5.046734194316958799e+00
5.126116522323180824e+00
5.205479732182065611e+00
5.284823777994733796e+00
5.364148610536091155e+00
5.443454177315410369e+00
5.522740422644321079e+00
5.602007287698527627e+00
5.681254710581563394e+00
5.760482626387888772e+00
5.839690967270099620e+00
5.918879662499429095e+00
5.998048638538989508e+00
6.077197819103914433e+00
6.156327125231324970e+00
6.235436475345995433e+00
6.314525785331135843e+00
6.393594968600618600e+00
6.472643936157345124e+00
6.551672596673781435e+00
6.630680856549761693e+00
6.709668619993469640e+00
6.788635789073466320e+00
6.867582263801143228e+00
6.946507942180879525e+00
7.025412720285895141e+00
7.104296492318769474e+00
7.183159150667216331e+00
7.262000585970751487e+00
7.340820687171056846e+00
7.419619341572406768e+00
7.498396434894659457e+00
7.577151851326852317e+00
7.655885473565043675e+00
7.734597182879243249e+00
7.813286859138520946e+00
7.891954380863824170e+00
7.970599625273468547e+00
8.049222468304710887e+00
8.127822784672765977e+00
8.206400447887132188e+00
8.284955330297007592e+00
8.363487303111019955e+00
8.441996236439690549e+00
8.520481999316208643e+00
8.598944459721758804e+00
8.677383484618943044e+00
8.755798939969835715e+00
8.834190690759758269e+00
8.912558601026246308e+00
8.990902533870771762e+00
9.069222351488535949e+00
9.147517915186645254e+00
9.225789085399918932e+00
9.304035721714269513e+00
9.382257682885541072e+00
9.460454826853515797e+00
9.538627010767914527e+00
9.616774090997878943e+00
9.694895923152850870e+00
9.772992362103181563e+00
9.851063261987556885e+00
9.929108476243426296e+00
1.000712785761304779e+01
1.008512125816074345e+01
1.016308852929157958e+01
1.024102952176583337e+01
1.031894408571882060e+01
1.039683207066883064e+01
1.047469332553759003e+01
1.055252769865794882e+01
1.063033503780181199e+01
1.070811519017764901e+01
1.078586800245702193e+01
1.086359332077981854e+01
1.094129099077274425e+01
1.101896085756072807e+01
1.109660276577029059e+01
1.117421655955965498e+01
1.125180208261202885e+01
1.132935917815608562e+01
1.140688768897462424e+01
1.148438745741648148e+01
1.156185832539956060e+01
1.163930013443169642e+01
1.171671272560530319e+01
1.179409593961824498e+01
1.187144961678011867e+01
1.194877359701065700e+01
1.202606771986270928e+01
1.210333182451181955e+01
1.218056574977690865e+01
1.225776933412213943e+01
1.233494241566301675e+01
1.241208483217122982e+01
1.248919642108254990e+01
1.256627701950207232e+01
1.264332646420468187e+01
1.272034459165295672e+01
1.279733123798191308e+01
1.287428623902488667e+01
1.295120943030365801e+01
1.302810064703469095e+01
1.310495972413917798e+01
1.318178649624333687e+01
1.325858079768303277e+01
1.333534246250000876e+01
1.341207132446369776e+01
1.348876721705173765e+01
1.356542997347078128e+01
1.364205942665405757e+01
1.371865540926088656e+01
1.379521775367985725e+01
1.387174629204290888e+01
1.394824085621030285e+01
1.402470127778852493e+01
1.410112738812169120e+01
1.417751901830223993e+01
1.425387599916898473e+01
1.433019816130805602e+01
1.440648533505965823e+01
1.448273735051154887e+01
1.455895403751483208e+01
1.463513522567061997e+01
1.471128074434006727e+01
1.478739042264208869e+01
1.486346408946309694e+01
1.493950157344475294e+01
1.501550270299155621e+01
1.509146730628085287e+01
1.516739521124652157e+01
1.524328624559464274e+01
1.531914023679307668e+01
1.539495701207942524e+01
1.547073639846071202e+01
1.554647822271205726e+01
1.562218231137394575e+01
1.569784849075885802e+01
1.577347658694801957e+01
1.584906642579191072e+01
1.592461783290640120e+01
1.600013063368219690e+01
1.607560465327264509e+01
1.615103971660192528e+01
1.622643564836299745e+01
1.630179227301293921e+01
1.637710941477985216e+01
1.645238689765216833e+01
1.652762454538941483e+01
1.660282218151065337e+01
1.667797962930157141e+01
1.675309671181029358e+01
1.682817325184341684e+01
1.690320907197281386e+01
1.697820399452387363e+01
1.705315784158682035e+01
1.712807043500368920e+01
1.720294159637338893e+01
1.727777114704679562e+01
1.735255890813316881e+01
1.742730470048688218e+01
1.750200834471429800e+01
1.757666966116866547e+01
1.765128846995139966e+01
1.772586459090386413e+01
1.780039784361483868e+01
1.787488804740949178e+01
1.794933502135367220e+01
1.802373858424970976e+01
1.809809855463382888e+01
1.817241475077465296e+01
1.824668699066980082e+01
1.832091509204694191e+01
1.839509887235743335e+01
1.846923814877645853e+01
1.854333273820187955e+01
1.861738245724324514e+01
1.869138712223379883e+01
1.876534654921584888e+01
1.883926055394025312e+01
1.891312895186911902e+01
1.898695155816616875e+01
1.906072818770129373e+01
1.913445865503778265e+01
1.920814277443933449e+01
1.928178035986190153e+01
1.935537122494827855e+01
1.942891518303357046e+01
1.950241204713013232e+01
1.957586162993598577e+01
1.964926374382406493e+01
1.972261820083788564e+01
1.979592481269830984e+01
1.986918339078315654e+01
1.994239374614379656e+01
2.001555568948367991e+01
2.008866903116329183e+01
2.016173358119729997e+01
2.023474914924594970e+01
2.030771554461925277e+01
2.038063257626064484e+01
2.045350005275177807e+01
2.052631778231313930e+01
2.059908557278337327e+01
2.067180323163402278e+01
2.074447056595380445e+01
2.081708738244334000e+01
2.088965348742294736e+01
2.096216868681009515e+01
2.103463278613354603e+01
2.110704559051431062e+01
2.117940690467011322e+01
2.125171653290517426e+01
2.132397427911034882e+01
2.139617994675514367e+01
2.146833333888137219e+01
2.154043425810273860e+01
2.161248250659788539e+01
2.168447788610373905e+01
2.175642019791333581e+01
2.182830924286657037e+01
2.190014482135172003e+01
2.197192673329125512e+01
2.204365477814549124e+01
2.211532875489919192e+01
2.218694846206453164e+01
2.225851369766449750e+01
2.233002425923812595e+01
2.240147994382978780e+01
2.247288054798455192e+01
2.254422586773835135e+01
2.261551569861638455e+01
2.268674983562961955e+01
2.275792807326170220e+01
2.282905020546916219e+01
2.290011602566753979e+01
2.297112532673645902e+01
2.304207790100064202e+01
2.311297354023556139e+01
2.318381203565069271e+01
2.325459317788887148e+01
2.332531675701618212e+01
2.339598256252253705e+01
2.346659038330125568e+01
2.353714000765717529e+01
2.360763122328898334e+01
2.367806381728693310e+01
2.374843757612504547e+01
2.381875228565116132e+01
2.388900773108602493e+01
2.395920369700958474e+01
2.402933996735474764e+01
2.409941632539921841e+01
2.416943255376631328e+01
2.423938843440203783e+01
2.430928374858013541e+01
2.437911827688860811e+01
2.444889179922013511e+01
2.451860409476964620e+01
2.458825494202029560e+01
2.465784411873818982e+01
2.472737140196494465e+01
2.479683656800186853e+01
2.486623939241466985e+01
2.493557965001252086e+01
2.500485711484383700e+01
2.507407156018629735e+01
2.514322275854311073e+01
2.521231048162483646e+01
2.528133450034790997e+01
2.535029458481943010e+01
2.541919050433063987e+01
2.548802202735118172e+01
2.555678892150986314e+01
2.562549095359382534e+01
2.569412788953236060e+01
2.576269949439286222e+01
2.583120553236573969e+01
2.589964576675440711e+01
2.596801995996829859e+01
2.603632787351147115e+01
2.610456926796444677e+01
2.617274390298748799e+01
2.624085153729690845e+01
2.630889192866354875e+01
2.637686483389185810e+01
2.644477000881709117e+01
2.651260720828986095e+01
2.658037618616695852e+01
2.664807669529466594e+01
2.671570848750423366e+01
2.678327131359244717e+01
2.685076492331531028e+01
2.691818906537247713e+01
2.698554348739618902e+01
2.705282793593849533e+01
2.712004215645660210e+01
2.718718589330397606e+01
2.725425888971431476e+01
2.732126088778914408e+01
2.738819162848235678e+01
2.745505085159262393e+01
2.752183829574225271e+01
2.758855369836707183e+01
2.765519679570586575e+01
2.772176732277812050e+01
2.778826501337629296e+01
2.785468960004887151e+01
2.792104081408415084e+01
2.798731838550030204e+01
2.805352204302204910e+01
2.811965151407588692e+01
2.818570652476426019e+01
2.825168679985685571e+01
2.831759206277224905e+01
2.838342203556045362e+01
2.844917643889156977e+01
2.851485499203221963e+01
2.858045741283636687e+01
2.864598341772141765e+01
2.871143272165750915e+01
2.877680503814304913e+01
2.884210007919581642e+01
2.890731755532701186e+01
2.897245717552890554e+01
2.903751864725365550e+01
2.910250167639708252e+01
2.916740596727666812e+01
2.923223122261566687e+01
2.929697714352297666e+01
2.936164342947535388e+01
2.942622977829046249e+01
2.949073588611821606e+01
2.955516144741386597e+01
2.961950615491566552e+01
2.968376969963005862e+01
2.974795177080508779e+01
2.981205205591468044e+01
2.987607024063039418e+01
2.994000600880740848e+01
3.000385904245293744e+01
3.006762902171550778e+01
3.013131562484959858e+01
3.019491852820388189e+01
3.025843740618951827e+01
3.032187193126138780e+01
3.038522177389041801e+01
3.044848660254550055e+01
3.051166608366033728e+01
3.057475988161564473e+01
3.063776765871034158e+01
3.070068907513637413e+01
3.076352378895438022e+01
3.082627145606224062e+01
3.088893173017683580e+01
3.095150426279927203e+01
3.101398870319107459e+01
3.107638469834585138e+01
3.113869189295946782e+01
3.120090992940391317e+01
3.126303844769943296e+01
3.132507708547740322e+01
3.138702547795924858e+01
3.144888325792303974e+01
3.151065005567177124e+01
3.157232549900083285e+01
3.163390921317273907e+01
3.169540082087694088e+01
3.175679994220340063e+01
3.181810619460769374e+01
3.187931919287509075e+01
3.194043854909151392e+01
3.200146387260480196e+01
3.206239476999336091e+01
3.212323084502597226e+01
3.218397169863082041e+01
3.224461692885610375e+01
3.230516613083418065e+01
3.236561889674452885e+01
3.242597481577278984e+01
3.248623347407625062e+01
3.254639445474033010e+01
3.260645733774159538e+01
3.266642169990861788e+01
3.272628711487497810e+01
3.278605315304400136e+01
3.284571938154467574e+01
3.290528536418450045e+01
3.296475066141354660e+01
3.302411483027338335e+01
3.308337742435477935e+01
3.314253799375365617e+01
3.320159608502203241e+01
3.326055124112092187e+01
3.331940300137733146e+01
3.337815090142792229e+01
3.343679447317698106e+01
3.349533324474255380e+01
3.355376674040513763e+01
3.361209448056000326e+01
3.367031598165940665e+01
3.372843075616228958e+01
3.378643831248291463e+01
3.384433815492813125e+01
3.390212978364910867e+01
3.395981269458170715e+01
3.401738637938831999e+01
3.407485032539745617e+01
3.413220401555045669e+01
3.418944692833395038e+01
3.424657853772128391e+01
3.430359831311124452e+01
3.436050571926203645e+01
3.441730021622976210e+01
3.447398125929856860e+01
3.453054829891713950e+01
3.458700078063016292e+01
3.464333814500914599e+01
3.469955982758113322e+01
3.475566525875910173e+01
3.481165386376889614e+01
3.486752506257345630e+01
3.492327826980269379e+01
3.497891289467126086e+01
3.503442834090502345e+01
3.508982400666057799e+01
3.514509928444531539e+01
3.520025356103582936e+01
3.525528621739346136e+01
3.531019662858307839e+01
3.536498416368245046e+01
3.541964818569867646e+01
3.547418805147773213e+01
3.552860311161299478e+01
3.558289271035373247e+01
3.563705618551168897e+01
3.569109286836467732e+01
3.574500208355997444e+01
3.579878314901489489e+01
3.585243537581649065e+01
3.590595806811883506e+01
3.595935052303593693e+01
3.601261203054153981e+01
3.606574187335324666e+01
3.611873932683123201e+01
3.617160365885393958e+01
3.622433412971695788e+01
3.627692999200480983e+01
3.632939049048132318e+01
3.638171486196274174e+01
3.643390233519612309e+01
3.648595213073754451e+01
3.653786346081751901e+01
3.658963552921774465e+01
3.664126753113191626e+01
3.669275865303517747e+01
3.674410807254513855e+01
3.679531495828005916e+01
3.684637846971492792e+01
3.689729775704017101e+01
3.694807196100718727e+01
3.699870021278017873e+01
3.704918163378061990e+01
3.709951533552715119e+01
3.714970041947911739e+01
3.719973597687003064e+01
3.724962108853824816e+01
3.729935482476133046e+01
3.734893624507684251e+01
3.739836439810932234e+01
3.744763832138558968e+01
3.749675704115180963e+01
3.754571957218495015e+01
3.759452491759816439e+01
3.764317206864781440e+01
3.769166000453138565e+01
3.773998769218220417e+01
3.778815408606325832e+01
3.783615812794857192e+01
3.788399874671303991e+01
3.793167485810517547e+01
3.797918536452095850e+01
3.802652915477521134e+01
3.807370510385989348e+01
3.812071207270788165e+01
3.816754890794275212e+01
3.821421444162695025e+01
3.826070749100621526e+01
3.830702685824568476e+01
3.835317133016000923e+01
3.839913967793915361e+01
3.844493065686906164e+01
3.849054300604355916e+01
3.853597544807025344e+01
3.858122668877347650e+01
3.862629541688442458e+01
3.867118030373101334e+01
3.871588000291676934e+01
3.876039314999042062e+01
3.880471836211593484e+01
3.884885423772602309e+01
3.889279935617157236e+01
3.893655227736761759e+01
3.898011154141989465e+01
3.902347566825633152e+01
3.906664315723740799e+01
3.910961248676692037e+01
3.915238211388789580e+01
3.919495047387214015e+01
3.923731597979767827e+01
3.927947702211819347e+01
3.932143196822193687e+01
3.936317916197660338e+01
3.940471692326927666e+01
3.944604354753145969e+01
3.948715730525048428e+01
3.952805644147633757e+01
3.956873917530633378e+01
3.960920369936724938e+01
3.964944817927755594e+01
3.968947075309826289e+01
3.972926953077182333e+01
3.976884259354398665e+01
3.980818799337452418e+01
3.984730375233010591e+01
3.988618786196224164e+01
3.992483828267071999e+01
3.996325294305029274e+01
4.000142973921965961e+01
4.003936653413266100e+01
4.007706115687323489e+01
4.011451140193317855e+01
4.015171502846447993e+01
4.018866975952109044e+01
4.022537328127074829e+01
4.026182324219715980e+01
4.029801725226829490e+01
4.033395288209400320e+01
4.036962766205083852e+01
4.040503908139102407e+01
4.044018458732242749e+01
4.047506158406552856e+01
4.050966743188181596e+01
4.054399944608021400e+01
4.057805489598872128e+01
4.061183100390463352e+01
4.064532494401028373e+01
4.067853384126025418e+01
4.071145477023596726e+01
4.074408475396910490e+01
4.077642076272926630e+01
4.080845971277946660e+01
4.084019846509183793e+01
4.087163382402923872e+01
4.090276253598708678e+01
4.093358128799490459e+01
4.096408670627742765e+01
4.099427535477133944e+01
4.102414373359997057e+01
4.105368827749924776e+01
4.108290535420125877e+01
4.111179126276148565e+01
4.114034223184127370e+01
4.116855441793486392e+01
4.119642390354162131e+01
4.122394669528334532e+01
4.125111872195998330e+01
4.127793583255034804e+01
4.130439379413997614e+01
4.133048828979247702e+01
4.135621491635176028e+01
4.138156918216717628e+01
4.140654650475437393e+01
4.143114220837413342e+01
4.145535152153464509e+01
4.147916957441460539e+01
4.150259139619500814e+01
4.152561191230966386e+01
4.154822594159991667e+01
4.157042819337367945e+01
4.159221326437168642e+01
4.161357563562211936e+01
4.163450966919364760e+01
4.165500960483844040e+01
4.167506955651442979e+01
4.169468350879159146e+01
4.171384531313186272e+01
4.173254868403654427e+01
4.175078719506196023e+01
4.176855427469097037e+01
4.178584320205663261e+01
4.180264710251415039e+01
4.181895894305456807e+01
4.183477152754775830e+01
4.185007749181509240e+01
4.186486929851838568e+01
4.187913923186297183e+01
4.189287939210258571e+01
4.190608168983523285e+01
4.191873784009115411e+01
4.193083935618960822e+01
4.194237754336732138e+01
4.195334349215765002e+01
4.196372807151877282e+01
4.197352192169293517e+01
4.198271544678332390e+01
4.199129880704568052e+01
4.199926191087070748e+01
4.200659440644510312e+01
4.201328567308471662e+01
4.201932481221227533e+01
4.202470063796989308e+01
4.202940166745047179e+01
4.203341611052476168e+01
4.203673185924851907e+01
4.203933647682622876e+01
4.204121718611484226e+01
4.204236085763882613e+01
4.204275399709985095e+01
4.204238273234589229e+01
4.204123279978593786e+01
4.203928953020842130e+01
4.203653783398722510e+01
4.203296218563099274e+01
4.202854660765423489e+01
4.202327465372471949e+01
4.201712939105762956e+01
4.201009338201421883e+01
4.200214866486106047e+01
4.199327673365137059e+01
4.198345851717354549e+01
4.197267435692755555e+01
4.196090398406572319e+01
4.194812649524980230e+01
4.193432032736439652e+01
4.191946323101674210e+01
4.190353224276791622e+01
4.188650365601262848e+01
4.186835299044153658e+01
4.184905495999925762e+01
4.182858343925833822e+01
4.180691142811421912e+01
4.178401101470632995e+01
4.175985333646525532e+01
4.173440853916997639e+01
4.170764573390833618e+01
4.167953295180483053e+01
4.165003709639590568e+01
4.161912389350018060e+01
4.158675783844043394e+01
4.155290214045483310e+01
4.151751866412270431e+01
4.148056786762359849e+01
4.144200873763760740e+01
4.140179872066892841e+01
4.135989365057385925e+01
4.131624767205565263e+01
4.127081315986374221e+01
4.122354063342702801e+01
4.117437866662479706e+01
4.112327379238409009e+01
4.107017040175903588e+01
4.101501063713712369e+01
4.095773427918004472e+01
4.089827862708298767e+01
4.083657837170954252e+01
4.077256546111470925e+01
4.070616895795006940e+01
4.063731488819166771e+01
4.056592608059802529e+01
4.049192199626011046e+01
4.041521854755896470e+01
4.033572790578958234e+01
4.025335829665953469e+01
4.016801378281047619e+01
4.007959403244380070e+01
3.998799407306409393e+01
3.989310402927952026e+01
3.979480884351749381e+01
3.969298797842817095e+01
3.958751509965416204e+01
3.947825773754956913e+01
3.936507692631797539e+01
3.924782681893456981e+01
3.912635427608639560e+01
3.900049842723986870e+01
3.887009020180936858e+01
3.873495182824667182e+01
3.859489629872456362e+01
3.844972679691831274e+01
3.829923608622275566e+01
3.814320585556452414e+01
3.798140601977916475e+01
3.781359397134662714e+01
3.763951378007206472e+01
3.745889533712325914e+01
3.727145343963708513e+01
3.707688681193857150e+01
3.687487705924782233e+01
3.666508754961198235e+01
3.644716221969703440e+01
3.622072430000947207e+01
3.598537495512534434e+01
3.574069183459672416e+01
3.548622753039420985e+01
3.522150793709572270e+01
3.494603051155163342e+01
3.465926242951574210e+01
3.436063863778787919e+01
3.404955980184268327e+01
3.372539015081842706e+01
3.338745522422916423e+01
3.303503952798266141e+01
3.266738411142818421e+01
3.228368408242132404e+01
3.188308608407905353e+01
3.146468576530447336e+01
3.102752528771511820e+01
3.057059092480117357e+01
3.009281082555494180e+01
2.959305303518860342e+01
2.907012389076288628e+01
2.852276694062009810e+01
2.794966257471078208e+01
2.734942859967792472e+01
2.672062204964859333e+01
2.606174259306065011e+01
2.537123797976390094e+01
2.464751207360099627e+01
2.388893613635354640e+01
2.309386417207542408e+01
2.226065330900136274e+01
2.138769039142385608e+01
2.047342617708453716e+01
1.951641878561213872e+01
1.851538831592744216e+01
1.746928483569051238e+01
1.637737222631695033e+01
1.523933061387299581e+01
1.405538028405639928e+01
1.282643000077374928e+01
1.155425242483791237e+01
1.024168872572498756e+01
8.892883311519774736e+00
7.513547632448275948e+00
6.111248948894161259e+00
4.695715458467530468e+00
3.279142899998168215e+00
1.876479403474300867e+00
5.056548199468103855e-01
-8.122917001532902193e-01
-2.053245609350731637e+00
-3.190284718022282640e+00
-4.194261726585561512e+00
-5.034782093699604388e+00
-5.681642200296572298e+00
-6.106754942699789801e+00
-6.286524037048281777e+00
-6.204533011348025262e+00
-5.854297199481578673e+00
-5.241706589915351877e+00
-4.386697449487654943e+00
-3.323673962364912526e+00
-2.100297523127999888e+00
-7.744886771992293140e-01
5.449472413442238983e-01
3.867154250065958365e-01
2.396312874343155541e-01
1.031207991025494125e-01
-2.335382687422923875e-02
-1.402983154984281666e-01
-2.481899532646048567e-01
-3.474807144147561977e-01
-4.385999453981251905e-01
-5.219566582742962702e-01
-5.979414795283388706e-01
-6.669282967838078280e-01
-7.292756421785231424e-01
-7.853278476807354913e-01
-8.354160043551196457e-01
-8.798587545167794177e-01
-9.189629428261311128e-01
-9.530241496670578405e-01
-9.823271276044277522e-01
-1.007146159332042767e+00
-1.027745353290958619e+00
-1.044378891058187930e+00
-1.057291238674805900e+00
-1.066717332298612098e+00
-1.072882746925212238e+00
-1.076003855423551592e+00
-1.076287983772449497e+00
-1.073933567161230673e+00
-1.069130310525413075e+00
-1.062059356124724685e+00
-1.052893459927277009e+00
-1.041797177837171295e+00
-1.028927062186000274e+00
-1.014431868391789671e+00
-9.984527712700296265e-01
-9.811235901461968778e-01
-9.625710216650129603e-01
-9.429148790074238784e-01
-9.222683361051674522e-01
-9.007381753767907950e-01
-8.784250374904154501e-01
-8.554236716805120322e-01
-8.318231852007638150e-01
-8.077072905776360168e-01
-7.831545494320778511e-01
-7.582386117558000960e-01
-7.330284496578931552e-01
-7.075885847336333967e-01
-6.819793083452344584e-01
-6.562568942422720708e-01
-6.304738030828576090e-01
-6.046788785453945936e-01
-5.789175348395414478e-01
-5.532319355372421477e-01
-5.276611637438612945e-01
-5.022413837195776054e-01
-4.770059941383948399e-01
-4.327572549567998417e-01
-3.424960303337143963e-01
-2.482260196826840959e-01
-1.500627352289267968e-01
-4.812365317343776649e-02
5.747189214844833360e-02
1.666028149266374769e-01
2.791463852780000643e-01
3.949783373348225157e-01
5.139729779789448116e-01
6.360032961995752965e-01
7.609410730640540077e-01
8.886569923029014051e-01
1.019020751521469093e+00
1.151901174056537913e+00
1.287166321503312005e+00
1.424683606942208636e+00
1.564319908895685840e+00
1.705941686047502071e+00
1.849415092753376566e+00
1.994606095370236476e+00
2.141380589425256442e+00
2.289604517640368986e+00
2.439143988818884168e+00
2.589865397592952423e+00
2.741635545017888642e+00
2.894321759989897380e+00
3.047792021448711974e+00
3.201915081313898348e+00
3.356560588088801644e+00
3.511599211049396096e+00
3.666902764920633828e+00
3.822344334925471543e+00
3.977798402074306683e+00
4.133140968546441307e+00
4.288249682996998935e+00
4.443003965605487160e+00
4.597285132665758667e+00
4.750976520499941458e+00
4.903963608462730051e+00
5.056134140787543529e+00
5.207378247009934569e+00
5.357588560692134294e+00
5.506660336157864322e+00
5.654491562936222238e+00
5.800983077604083604e+00
5.946038672706554173e+00
6.089565202430372359e+00
6.231472684698386111e+00
6.371674399351618945e+00
6.510086982084723140e+00
6.646630513800806384e+00
6.781228605056274894e+00
6.913808475271822296e+00
7.044301026393818610e+00
7.172640910701133521e+00
7.298766592465038450e+00
7.422620403185564264e+00
7.544148590145158373e+00
7.663301358040063072e+00
7.780032903472825723e+00
7.894301442112321432e+00
8.006069228354929734e+00
8.115302567347541185e+00
8.221971819263213632e+00
8.326051395750777573e+00
8.427519748512303011e+00
8.526359349994807602e+00
8.622556666217008114e+00
8.716102121785864298e+00
8.806990057191962151e+00
8.895218678507623267e+00
8.980789999644768429e+00
9.063709777363362363e+00
9.143987439253933758e+00
9.221636004947184162e+00
9.296672000835320304e+00
9.369115368615862138e+00
9.438989367995178625e+00
9.506320473913232760e+00
9.571138268670717153e+00
9.633475329360107864e+00
9.693367111017218818e+00
9.750851825923259497e+00
9.805970319497891552e+00
9.858765943230968887e+00
9.909284425105607141e+00
9.957573737965892846e+00
1.000368396628216061e+01
1.004766717176240043e+01
1.008957725825064067e+01
1.012946983634570586e+01
1.016740208815866886e+01
1.020343263261772648e+01
1.023762139170788998e+01
1.027002945801968004e+01
1.030071896395718944e+01
1.032975295293765861e+01
1.035719525289134246e+01
1.038311035234629998e+01
1.040756327936027859e+01
1.043061948353625645e+01
1.045234472133375370e+01
1.047280494486283153e+01
1.049206619432414378e+01
1.051019449423176333e+01
1.052725575353419352e+01
1.054331566972413192e+01
1.055843963700568544e+01
1.057269265856596085e+01
1.058613926297906538e+01
1.059884342474905594e+01
1.061086848898206014e+01
1.062227710016158788e+01
1.063313113498365503e+01
1.064349163919699137e+01
1.065341876837850954e+01
1.066297173256574204e+01
1.067220874465554203e+01
1.068118697247191662e+01
1.068996249439689272e+01
1.069859025845455669e+01
1.070712404473108315e+01
1.071561643101198413e+01
1.072411876151441490e+01
1.073268111859055018e+01
1.074135229727788854e+01
1.075017978257240792e+01
1.075920972930047981e+01
1.076848694446910848e+01
1.077805487197360712e+01
1.078795557954686224e+01
1.079822974783604295e+01
1.080891666149687680e+01
1.082005420219898006e+01
1.083167884344085330e+01
1.084382564707595087e+01
1.085652826145728156e+01
1.086981892111138315e+01
1.088372844785801696e+01
1.089828625329587197e+01
1.091352034257954706e+01
1.092945731941756726e+01
1.094612239222571937e+01
1.096353938137375295e+01
1.098173072746845058e+01
1.100071750061986542e+01
1.102051941064063456e+01
1.104115481813313515e+01
1.106264074642195894e+01
1.108499289429224888e+01
1.110822564949828362e+01
1.113235210300897471e+01
1.115738406395930227e+01
1.118333207528024964e+01
1.121020542998045855e+01
1.123801218805665414e+01
1.126675919400962478e+01
1.129645209494651859e+01
1.132709535924936262e+01
1.135869229579299322e+01
1.139124507369508699e+01
1.142475474258323231e+01
1.145922125336379871e+01
1.149464347947880505e+01
1.153101923863652267e+01
1.156834531500355823e+01
1.160661748184446118e+01
1.164583052459688162e+01
1.168597826436893961e+01
1.172705358184690638e+01
1.176904844159950336e+01
1.181195391676672735e+01
1.185576021411946535e+01
1.190045669947649110e+01
1.194603192346527010e+01
1.199247364761215451e+01
1.203976887074690971e+01
1.208790385570721071e+01
1.213686415632654203e+01
1.218663464468981417e+01
1.223719953863949073e+01
1.228854242951515197e+01
1.234064631010815027e+01
1.239349360281313750e+01
1.244706618795640196e+01
1.250134543228272221e+01
1.255631221757803395e+01
1.261194696940914639e+01
1.266822968595705134e+01
1.272513996692273253e+01
1.278265704248203249e+01
1.284075980226629987e+01
1.289942682434510779e+01
1.295863640418692775e+01
1.301836658357178678e+01
1.307859517943225569e+01
1.313929981259564173e+01
1.320045793640212395e+01
1.326204686517223763e+01
1.332404380249693965e+01
1.338642586932356338e+01
1.344917013181035337e+01
1.351225362892227544e+01
1.357565339974103935e+01
1.363934651046168867e+01
1.370331008104830062e+01
1.376752131152173675e+01
1.383195750785197120e+01
1.389659610742799067e+01
1.396141470407871310e+01
1.402639107261787466e+01
1.409150319288760933e+01
1.415672927327380037e+01
1.422204777366927431e+01
1.428743742785874993e+01
1.435287726530296304e+01
1.441834663229706770e+01
1.448382521248155363e+01
1.454929304668338652e+01
1.461473055206658067e+01
1.468011854057163745e+01
1.474543823662495967e+01
1.481067129410007688e+01
1.487579981251343852e+01
1.494080635243881616e+01
1.500567395012571303e+01
1.507038613130783666e+01
1.513492692418985541e+01
1.519928087160068308e+01
1.526343304230443465e+01
1.532736904145995993e+01
1.539107502022273088e+01
1.545453768448316900e+01
1.551774430273725081e+01
1.558068271308745345e+01
1.564334132937209532e+01
1.570570914642409299e+01
1.576777574446064811e+01
1.582953129260724090e+01
1.589096655156094329e+01
1.595207287539875729e+01
1.601284221253957440e+01
1.607326710586795215e+01
1.613334069203117949e+01
1.619305669992038688e+01
1.625240944835041645e+01
1.631139384295183348e+01
1.637000537229128483e+01
1.642824010323749917e+01
1.648609467559088770e+01
1.654356629599592665e+01
1.660065273115735707e+01
1.665735230038066206e+01
1.671366386745999222e+01
1.676958683193652178e+01
1.682512111975075086e+01
1.688026717331441162e+01
1.693502594102682579e+01
1.698939886626202167e+01
1.704338787585310655e+01
1.709699536810099119e+01
1.715022420033544392e+01
1.720307767605514826e+01
1.725555953167605594e+01
1.730767392291554430e+01
1.735942541084101620e+01
1.741081894761131466e+01
1.746185986193912498e+01
1.751255384430315942e+01
1.756290693193778196e+01
1.761292549362845250e+01
1.766261621434017570e+01
1.771198607970683625e+01
1.776104236040817597e+01
1.780979259646098356e+01
1.785824458145026838e+01
1.790640634672675446e+01
1.795428614559478930e+01
1.800189243751573898e+01
1.804923387235014332e+01
1.809631927466207202e+01
1.814315762810769073e+01
1.818975805993010653e+01
1.823612982558093165e+01
1.828228229348903255e+01
1.832822492999541097e+01
1.837396728447341587e+01
1.841951897465093779e+01
1.846488967215262278e+01
1.851008908827708410e+01
1.855512696002525885e+01
1.860001303639352699e+01
1.864475706494557983e+01
1.868936877867547608e+01
1.873385788317415290e+01
1.877823404410991515e+01
1.882250687503356801e+01
1.886668592551752610e+01
1.891078066963756754e+01
1.895480049480502061e+01
1.899875469095697156e+01
1.904265244011000746e+01
1.908650280628446083e+01
1.913031472580270886e+01
1.917409699796719735e+01
1.921785827612061226e+01
1.926160705909225257e+01
1.930535168303195093e+01
1.934910031363438776e+01
1.939286093875382733e+01
1.943664136141090992e+01
1.948044919319087143e+01
1.952429184803312268e+01
1.956817653641111221e+01
1.961211025990106904e+01
1.965609980613747254e+01
1.970015174415379633e+01
1.974427242010424166e+01
1.978846795336509601e+01
1.983274423301082479e+01
1.987710691466149626e+01
1.992156141769763877e+01
1.996611292283723316e+01
2.001076637007035686e+01
2.005552645694664449e+01
2.010039763720914863e+01
2.014538411977006760e+01
2.019048986802104650e+01
2.023571859947326956e+01
2.028107378571932884e+01
2.032655865271174633e+01
2.037217618134999597e+01
2.041792910836998942e+01
2.046381992752778345e+01
2.050985089107144077e+01
2.055602401149191394e+01
2.060234106354683448e+01
2.064880358654791692e+01
2.069541288690554381e+01
2.074217004092081851e+01
2.078907589781846355e+01
2.083613108301114636e+01
2.088333600158768633e+01
2.093069084201588481e+01
2.097819558005237184e+01
2.102584998285007245e+01
2.107365361325544484e+01
2.112160583428580907e+01
2.116970581377919558e+01
2.121795252920691865e+01
2.126634477264090606e+01
2.131488115586629561e+01
2.136356011563101021e+01
2.141237991902305993e+01
2.146133866896724030e+01
2.151043430983191129e+01
2.155966463313724191e+01
2.160902728335626577e+01
2.165851976380010413e+01
2.170813944257799122e+01
2.175788355862434997e+01
2.180774922778363134e+01
2.185773344894473880e+01
2.190783311021638369e+01
2.195804499513490882e+01
2.200836578889652628e+01
2.205879208460553187e+01
2.210932038953031409e+01
2.215994713135932770e+01
2.221066866444873966e+01
2.226148127605465987e+01
2.231238119254119212e+01
2.236336458555810935e+01
2.241442757817926790e+01
2.246556625099582405e+01
2.251677664815626301e+01
2.256805478334688786e+01
2.261939664570539676e+01
2.267079820566135595e+01
2.272225542069743653e+01
2.277376424102418184e+01
2.282532061516334565e+01
2.287692049543332473e+01
2.292855984333109731e+01
2.298023463480576112e+01
2.303194086541744667e+01
2.308367455537767299e+01
2.313543175446575262e+01
2.318720854681680166e+01
2.323900105557705942e+01
2.329080544742262759e+01
2.334261793693750064e+01
2.339443479084730981e+01
2.344625233210584625e+01
2.349806694383056183e+01
2.354987507308491601e+01
2.360167323450430743e+01
2.365345801376378887e+01
2.370522607088505751e+01
2.375697414338111457e+01
2.380869904923681801e+01
2.386039768972420205e+01
2.391206705205108207e+01
2.396370421184287736e+01
2.401530633545580073e+01
2.406687068212245961e+01
2.411839460592880613e+01
2.416987555762281659e+01
2.422131108625550056e+01
2.427269884065469441e+01
2.432403657073225034e+01
2.437532212862613790e+01
2.442655346967839236e+01
2.447772865325069347e+01
2.452884584337894225e+01
2.457990330926913458e+01
2.463089942563627588e+01
2.468183267288934601e+01
2.473270163716372849e+01
2.478350501020485197e+01
2.483424158910532142e+01
2.488491027589882520e+01
2.493551007701364242e+01
2.498604010258980423e+01
2.503649956566242452e+01
2.508688778121583596e+01
2.513720416511154809e+01
2.518744823289420509e+01
2.523761959847946201e+01
2.528771797272800015e+01
2.533774316190963560e+01
2.538769506606209347e+01
2.543757367724843732e+01
2.548737907771801758e+01
2.553711143797490735e+01
2.558677101475894133e+01
2.563635814894354681e+01
2.568587326335504528e+01
2.573531686051834555e+01
2.578468952033314920e+01
2.583399189768623927e+01
2.588322472000368535e+01
2.593238878474793552e+01
2.598148495686514536e+01
2.603051416618595226e+01
2.607947740478621412e+01
2.612837572431060806e+01
2.617721023326478402e+01
2.622598209428025484e+01
2.627469252135640687e+01
2.632334277708431358e+01
2.637193416985638805e+01
2.642046805106676999e+01
2.646894581230582233e+01
2.651736888255381075e+01
2.656573872537730452e+01
2.661405683613211082e+01
2.666232473917750312e+01
2.671054398510432293e+01
2.675871614798192866e+01
2.680684282262654605e+01
2.685492562189521948e+01
2.690296617400829149e+01
2.695096611990403801e+01
2.699892711062842210e+01
2.704685080476302161e+01
2.709473886589413283e+01
2.714259296012578915e+01
2.719041475363947313e+01
2.723820591030284177e+01
2.728596808933042794e+01
2.733370294299776049e+01
2.738141211441218559e+01
2.742909723534138422e+01
2.747675992410230350e+01
2.752440178351180222e+01
2.757202439890111734e+01
2.761962933619524563e+01
2.766721814005907021e+01
2.771479233211127990e+01
2.776235340920735339e+01
2.780990284179261351e+01
2.785744207232647440e+01
2.790497251377826515e+01
2.795249554819587345e+01
2.800001252534738327e+01
2.804752476143616846e+01
2.809503353789017410e+01
2.814254010022506236e+01
2.819004565698182319e+01
2.823755137873860832e+01
2.828505839719681347e+01
2.833256780434092903e+01
2.838008065167258920e+01
2.842759794951722085e+01
2.847512066640443962e+01
2.852264972851964231e+01
2.857018601922807477e+01
2.861773037866923985e+01
2.866528360342145021e+01
2.871284644623520421e+01
2.876041961583502626e+01
2.880800377678786006e+01
2.885559954943747485e+01
2.890320750990354171e+01
2.895082819014393394e+01
2.899846207807886245e+01
2.904610961777584066e+01
2.909377120969350727e+01
2.914144721098321611e+01
2.918913793584647109e+01
2.923684365594675683e+01
2.928456460087413404e+01
2.933230095866096221e+01
2.938005287634654294e+01
2.942782046058967182e+01
2.947560377832660095e+01
2.952340285747300186e+01
2.957121768766769065e+01
2.961904822105679003e+01
2.966689437311563182e+01
2.971475602350755452e+01
2.976263301697621699e+01
2.981052516427104848e+01
2.985843224310263011e+01
2.990635399912675751e+01
2.995429014695493208e+01
3.000224037118939080e+01
3.005020432748074910e+01
3.009818164360610737e+01
3.014617192056607564e+01
3.019417473369821892e+01
3.024218963380575786e+01
3.029021614829856546e+01
3.033825378234573122e+01
3.038630202003688296e+01
3.043436032555108284e+01
3.048242814433102055e+01
3.053050490426081609e+01
3.057859001684582267e+01
3.062668287839302650e+01
3.067478287118878910e+01
3.072288936467470322e+01
3.077100171661768613e+01
3.081911927427402986e+01
3.086724137554542580e+01
3.091536735012538273e+01
3.096349652063468127e+01
3.101162820374471707e+01
3.105976171128654784e+01
3.110789635134511144e+01
3.115603142933704106e+01
3.120416624907075587e+01
3.125230011378760508e+01
3.130043232718319857e+01
3.134856219440734293e+01
3.139668902304226350e+01
3.144481212405716164e+01
3.149293081273929573e+01
3.154104440959946842e+01
3.158915224125227894e+01
3.163725364126954176e+01
3.168534795100630674e+01
3.173343452039922852e+01
3.178151270873603806e+01
3.182958188539606326e+01
3.187764143056109845e+01
3.192569073589574558e+01
3.197372920519810435e+01
3.202175625501852352e+01
3.206977131524806879e+01
3.211777382967501637e+01
3.216576325650994761e+01
3.221373906887905036e+01
3.226170075528552417e+01
3.230964782003909619e+01
3.235757978365364806e+01
3.240549618321283987e+01
3.245339657270417888e+01
3.250128052332124184e+01
3.254914762373464043e+01
3.259699748033158073e+01
3.264482971742459227e+01
3.269264397742945505e+01
3.274043992101319844e+01
3.278821722721161791e+01
3.283597559351774464e+01
3.288371473594128247e+01
3.293143438903907594e+01
3.297913430591816564e+01
3.302681425821086947e+01
3.307447403602354541e+01
3.312211344785838207e+01
3.316973232051024212e+01
3.321733049893847323e+01
3.326490784611399221e+01
3.331246424284348251e+01
3.335999958757039963e+01
3.340751379615414862e+01
3.345500680162781038e+01
3.350247855393571683e+01
3.354992901965100316e+01
3.359735818167462185e+01
3.364476603891620954e+01
3.369215260595778716e+01
3.373951791270127387e+01
3.378686200400046147e+01
3.383418493927811710e+01
3.388148679213017544e+01
3.392876764991603977e+01
3.397602761333778432e+01
3.402326679600766823e+01
3.407048532400588670e+01
3.411768333542847387e+01
3.416486097992719806e+01
3.421201841824149881e+01
3.425915582172390828e+01
3.430627337185922698e+01
3.435337125977904549e+01
3.440044968577145568e+01
3.444750885878811886e+01
3.449454899594789481e+01
3.454157032203925581e+01
3.458857306902134354e+01
3.463555747552481989e+01
3.468252378635342126e+01
3.472947225198635124e+01
3.477640312808298262e+01
3.482331667499001071e+01
3.487021315725195336e+01
3.491709284312575079e+01
3.496395600409980631e+01
3.501080291441868297e+01
3.505763385061320747e+01
3.510444909103731703e+01
3.515124891541186969e+01
3.519803360437612127e+01
3.524480343904689761e+01
3.529155870058684030e+01
3.533829966978139225e+01
3.538502662662534703e+01
3.543173984991923930e+01
3.547843961687617309e+01
3.552512620273934374e+01
3.557179988041039564e+01
3.561846092008944709e+01
3.566510958892654060e+01
3.571174615068522940e+01
3.575837086541825016e+01
3.580498398915573688e+01
3.585158577360608234e+01
3.589817646586952549e+01
3.594475630816497613e+01
3.599132553756977870e+01
3.603788438577269204e+01
3.608443307884070350e+01
3.613097183699853332e+01
3.617750087442227880e+01
3.622402039904621063e+01
3.627053061238324005e+01
3.631703170935875846e+01
3.636352387815821174e+01
3.641000730008776287e+01
3.645648214944856846e+01
3.650294859342432829e+01
3.654940679198169562e+01
3.659585689778412387e+01
3.664229905611838944e+01
3.668873340483368395e+01
3.673516007429373076e+01
3.678157918734076759e+01
3.682799085927196359e+01
3.687439519782783748e+01
3.692079230319208705e+01
3.696718226800323492e+01
3.701356517737720964e+01
3.705994110894102533e+01
3.710631013287713387e+01
3.715267231197774578e+01
3.719902770171007944e+01
3.724537635029030724e+01
3.729171829876789701e+01
3.733805358111820993e+01
3.738438222434480451e+01
3.743070424858918699e+01
3.747701966724952882e+01
3.752332848710650381e+01
3.756963070845708330e+01
3.761592632525462676e+01
3.766221532525651128e+01
3.770849769017731745e+01
3.775477339584861625e+01
3.780104241238356622e+01
3.784730470434760718e+01
3.789356023093320402e+01
3.793980894613961397e+01
3.798605079895634873e+01
3.803228573355082887e+01
3.807851368945888026e+01
3.812473460177877627e+01
3.817094840136743272e+01
3.821715501503937418e+01
3.826335436576729165e+01
3.830954637288429865e+01
3.835573095228760820e+01
3.840190801664292763e+01
3.844807747558943589e+01
3.849423923594528674e+01
3.854039320191269979e+01
3.858653927528305161e+01
3.863267735564078720e+01
3.867880734056704739e+01
3.872492912584139191e+01
3.877104260564243532e+01
3.881714767274620925e+01
3.886324421872308221e+01
3.890933213413165959e+01
3.895541130871058044e+01
3.900148163156711689e+01
3.904754299136323681e+01
3.909359527649770882e+01
3.913963837528530831e+01
3.918567217613200171e+01
3.923169656770640046e+01
3.927771143910700857e+01
3.932371668002552667e+01
3.936971218090543800e+01
3.941569783309613229e+01
3.946167352900263126e+01
3.950763916223008465e+01
3.955359462772347001e+01
3.959953982190268817e+01
3.964547464279160494e+01
3.969139899014275130e+01
3.973731276555626835e+01
3.978321587259344483e+01
3.982910821688503233e+01
3.987498970623390449e+01
3.992086025071215261e+01
3.996671976275279548e+01
4.001256815723559868e+01
4.005840535156779936e+01
4.010423126575845743e+01
4.015004582248801057e+01
4.019584894717165469e+01
4.024164056801749467e+01
4.028742061607881197e+01
4.033318902530135119e+01
4.037894573256452446e+01
4.042469067771767754e+01
4.047042380361080660e+01
4.051614505612006667e+01
4.056185438416799371e+01
4.060755173973863208e+01
4.065323707788770236e+01
4.069891035674769597e+01
4.074457153752813099e+01
4.079022058451118937e+01
4.083585746504252967e+01
4.088148214951784354e+01
4.092709461136457350e+01
4.097269482701980792e+01
4.101828277590372807e+01
4.106385844038916844e+01
4.110942180576704885e+01
4.115497286020847412e+01
4.120051159472279778e+01
4.124603800311232504e+01
4.129155208192396032e+01
4.133705383039721681e+01
4.138254325040950476e+01
4.142802034641840692e+01
4.147348512540138188e+01
4.151893759679263951e+01
4.156437777241765730e+01
4.160980566642570722e+01
4.165522129521981043e+01
4.170062467738506484e+01
4.174601583361494050e+01
4.179139478663626761e+01
4.183676156113207156e+01
4.188211618366376854e+01
4.192745868259179076e+01
4.197278908799514596e+01
4.201810743159006023e+01
4.206341374664819455e+01
4.210870806791366050e+01
4.215399043152002179e+01
4.219926087490703992e+01
4.224451943673655308e+01
4.228976615680910811e+01
4.233500107598019468e+01
4.238022423607670675e+01
4.242543567981378061e+01
4.247063545071230095e+01
4.251582359301647784e+01
4.256100015161258199e+01
4.260616517194818442e+01
4.265131869995246916e+01
4.269646078195735583e+01
4.274159146461996528e+01
4.278671079484600170e+01
4.283181881971481175e+01
4.287691558640539569e+01
4.292200114212428019e+01
4.296707553403454227e+01
4.301213880918695764e+01
4.305719101445232866e+01
4.310223219645592252e+01
4.314726240151366454e+01
4.319228167557015041e+01
4.323729006413856268e+01
4.328228761224295340e+01
4.332727436436190516e+01
4.337225036437502013e+01
4.341721565551090123e+01
4.346217028029775520e+01
4.350711428051585727e+01
4.355204769715250990e+01
4.359697057035893408e+01
4.364188293940985375e+01
4.368678484266470008e+01
4.373167631753185702e+01
4.377655740043461208e+01
4.382142812677956556e+01
4.386628853092749125e+01
4.391113864616637130e+01
4.395597850468636381e+01
4.400080813755796783e+01
4.404562757471116896e+01
4.409043684491795290e+01
4.413523597577636792e+01
4.418002499369699621e+01
4.422480392389146431e+01
4.426957279036343351e+01
4.431433161590107517e+01
4.435908042207234558e+01
4.440381922922151148e+01
4.444854805646846785e+01
4.449326692170919983e+01
4.453797584161880962e+01
4.458267483165606393e+01
4.462736390606963255e+01
4.467204307790652251e+01
4.471671235902169883e+01
4.476137176008984397e+01
4.480602129061821159e+01
4.485066095896146265e+01
4.489529077233780896e+01
4.493991073684642856e+01
4.498452085748655094e+01
4.502912113817757955e+01
4.507371158178066395e+01
4.511829219012131631e+01
4.516286296401305833e+01
4.520742390328249627e+01
4.525197500679501417e+01
4.529651627248164658e+01
4.534104769736647711e+01
