0.000000000000000000e+00
5.815820965320645441e-04
1.737322692595264471e-03
3.094312578748458983e-03
4.522293773180448631e-03
5.974939462842900582e-03
7.435890491406264326e-03
8.899365251969614671e-03
1.036331537882529373e-02
1.182701001762868909e-02
1.329018321586660119e-02
1.475273300318558425e-02
1.621461518150606185e-02
1.767580583566750324e-02
1.913628809847871259e-02
2.059604747796421956e-02
2.205507020633712401e-02
2.351334265680294494e-02
2.497085113637887571e-02
2.642758181294336400e-02
2.788352068873753767e-02
2.933865359121518371e-02
3.079296616992237279e-02
3.224644389583483650e-02
3.369907206198464317e-02
3.515083578468463504e-02
3.660172000510267948e-02
3.805170949189150276e-02
3.950078884343907054e-02
4.094894249144086923e-02
4.239615470409517639e-02
4.384240959020201805e-02
4.528769110330990028e-02
4.673198304631608069e-02
4.817526907606285019e-02
4.961753270861033599e-02
5.105875732401601169e-02
5.249892617194937272e-02
5.393802237663686272e-02
5.537602894251245772e-02
5.681292875938071668e-02
5.824870460770902730e-02
5.968333916380348658e-02
6.111681500487286395e-02
6.254911461398043881e-02
6.398022038470971284e-02
6.541011462582660418e-02
6.683877956543124443e-02
6.826619735534750211e-02
6.969235007475656218e-02
7.111721973415190134e-02
7.254078827858304046e-02
7.396303759092386076e-02
7.538394949501138476e-02
7.680350575829866799e-02
7.822168809458188155e-02
7.963847816632814436e-02
8.105385758688522790e-02
8.246780792282458472e-02
8.388031069553732177e-02
8.529134738337126875e-02
8.670089942314727904e-02
8.810894821180527414e-02
8.951547510807988939e-02
9.092046143376822376e-02
9.232388847537177645e-02
9.372573748533440108e-02
9.512598968345019335e-02
9.652462625824867470e-02
9.792162836827325578e-02
9.931697714349482786e-02
1.007106536866363700e-01
1.021026390745360946e-01
1.034929143595242768e-01
1.048814605708682374e-01
1.062682587161222353e-01
1.076532897827096741e-01
1.090365347392753120e-01
1.104179745372293048e-01
1.117975901122161553e-01
1.131753623856849994e-01
1.145512722664900479e-01
1.159253006522526636e-01
1.172974284311198018e-01
1.186676364831260183e-01
1.200359056819690073e-01
1.214022168962787113e-01
1.227665509914235703e-01
1.241288888307582744e-01
1.254892112773124679e-01
1.268474991952296960e-01
1.282037334511109405e-01
1.295578949155579140e-01
1.309099644644295679e-01
1.322599229802784160e-01
1.336077513536569894e-01
1.349534304844330623e-01
1.362969412828373694e-01
1.376382646710097302e-01
1.389773815838276916e-01
1.403142729702104297e-01
1.416489197942994716e-01
1.429813030362175330e-01
1.443114036934935451e-01
1.456392027817294266e-01
1.469646813357805837e-01
1.482878204104900732e-01
1.496086010818211132e-01
1.509270044476019590e-01
1.522430116283646495e-01
1.535566037683183671e-01
1.548677620360454366e-01
1.561764676253204198e-01
1.574827017559975728e-01
1.587864456746078956e-01
1.600876806552718190e-01
1.613863880004087481e-01
1.626825490413978670e-01
1.639761451393879355e-01
1.652671576860020863e-01
1.665555681039895264e-01
1.678413578480532908e-01
1.691245084054162906e-01
1.704050012965743766e-01
1.716828180760333888e-01
1.729579403328470599e-01
1.742303496915115213e-01
1.755000278124714264e-01
1.767669563928108423e-01
1.780311171669523573e-01
1.792924919072989287e-01
1.805510624249604124e-01
1.818068105702806969e-01
1.830597182335648443e-01
1.843097673456076668e-01
1.855569398785414936e-01
1.868012178461888051e-01
1.880425833048923190e-01
1.892810183539827551e-01
1.905165051364774709e-01
1.917490258396502834e-01
1.929785626954775013e-01
1.942050979815087841e-01
1.954286140211475842e-01
1.966490931843599133e-01
1.978665178882069720e-01
1.990808705974084214e-01
2.002921338247781458e-01
2.015002901319401796e-01
2.027053221296069851e-01
2.039072124783132267e-01
2.051059438888800379e-01
2.063014991227568873e-01
2.074938609927805266e-01
2.086830123633616474e-01
2.098689361512005580e-01
2.110516153256774552e-01
2.122310329093305137e-01
2.134071719782835441e-01
2.145800156627563071e-01
2.157495471475002202e-01
2.169157496721803025e-01
2.180786065320173273e-01
2.192381010779095030e-01
2.203942167172104893e-01
2.215469369139231037e-01
2.226962451891703609e-01
2.238421251217046770e-01
2.249845603482794332e-01
2.261235345640687511e-01
2.272590315229729707e-01
2.283910350383178411e-01
2.295195289828959873e-01
2.306444972896585510e-01
2.317659239520234449e-01
2.328837930242203536e-01
2.339980886216979084e-01
2.351087949216849882e-01
2.362158961633173682e-01
2.373193766482614431e-01
2.384192207409267794e-01
2.395154128689889750e-01
2.406079375236939155e-01
2.416967792602292830e-01
2.427819226981746126e-01
2.438633525217390741e-01
2.449410534803545259e-01
2.460150103888147644e-01
2.470852081277743195e-01
2.481516316440448566e-01
2.492142659511026315e-01
2.502730961292317646e-01
2.513281073259844289e-01
2.523792847566748154e-01
2.534266137044608458e-01
2.544700795209404731e-01
2.555096676263116651e-01
2.565453635098438046e-01
2.575771527302039288e-01
2.586050209157786384e-01
2.596289537649649204e-01
2.606489370466074096e-01
2.616649566002883232e-01
2.626769983366584182e-01
2.636850482377364746e-01
2.646890923573580467e-01
2.656891168213411092e-01
2.666851078279487974e-01
2.676770516481732920e-01
2.686649346260140958e-01
2.696487431789076350e-01
2.706284637978977892e-01
2.716040830481344370e-01
2.725755875690304975e-01
2.735429640746874780e-01
2.745061993541853540e-01
2.754652802718380311e-01
2.764201937676289411e-01
2.773709268573701370e-01
2.783174666331961755e-01
2.792598002637053378e-01
2.801979149943589209e-01
2.811317981477469696e-01
2.820614371240039442e-01
2.829868194009417803e-01
2.839079325344932569e-01
2.848247641589504164e-01
2.857373019873229447e-01
2.866455338115438400e-01
2.875494475029083952e-01
2.884490310122365675e-01
2.893442723702752684e-01
2.902351596879588214e-01
2.911216811567011176e-01
2.920038250487024256e-01
2.928815797172374391e-01
2.937549335969881770e-01
2.946238752042881215e-01
2.954883931374498451e-01
2.963484760770814797e-01
2.972041127862646848e-01
2.980552921110350972e-01
2.989020029805321554e-01
2.997442344072946963e-01
3.005819754876507544e-01
3.014152154019008045e-01
3.022439434147122239e-01
3.030681488752730024e-01
3.038878212177255067e-01
3.047029499613758130e-01
3.055135247109539987e-01
3.063195351570187075e-01
3.071209710760899325e-01
3.079178223310805596e-01
3.087100788715019806e-01
3.094977307337220540e-01
3.102807680413915414e-01
3.110591810055148287e-01
3.118329599249888839e-01
3.126020951866649855e-01
3.133665772657393545e-01
3.141263967260545797e-01
3.148815442203175552e-01
3.156320104904999369e-01
3.163777863679447244e-01
3.171188627737773769e-01
3.178552307192475945e-01
3.185868813057943227e-01
3.193138057255830442e-01
3.200359952616345094e-01
3.207534412881077324e-01
3.214661352707151587e-01
3.221740687668082637e-01
3.228772334258729892e-01
3.235756209896458735e-01
3.242692232925054596e-01
3.249580322616923977e-01
3.256420399176481184e-01
3.263212383742632450e-01
3.269956198391602009e-01
3.276651766140034061e-01
3.283299010947906549e-01
3.289897857720999741e-01
3.296448232314241333e-01
3.302950061533996284e-01
3.309403273141946489e-01
3.315807795856500761e-01
3.322163559357194651e-01
3.328470494286416836e-01
3.334728532253332101e-01
3.340937605835453961e-01
3.347097648582825768e-01
3.353208595020463201e-01
3.359270380651172005e-01
3.365282941958302465e-01
3.371246216408896323e-01
3.377160142457073522e-01
3.383024659546040591e-01
3.388839708111967552e-01
3.394605229585809236e-01
3.400321166397748396e-01
3.405987461978660091e-01
3.411604060764458768e-01
3.417170908197958434e-01
3.422687950732502538e-01
3.428155135834572986e-01
3.433572411987702577e-01
3.438939728693806153e-01
3.444257036478129419e-01
3.449524286890903735e-01
3.454741432510997634e-01
3.459908426948870575e-01
3.465025224849519470e-01
3.470091781895972560e-01
3.475108054812008351e-01
3.480074001365093816e-01
3.484989580369736717e-01
3.489854751691295331e-01
3.494669476247752593e-01
3.499433716013858886e-01
3.504147434024147967e-01
3.508810594375697534e-01
3.513423162232102159e-01
3.517985103825767013e-01
3.522496386461865248e-01
3.526956978521398334e-01
3.531366849463789537e-01
3.535725969831565174e-01
3.540034311252358568e-01
3.544291846442647054e-01
3.548498549211059339e-01
3.552654394462176901e-01
3.556759358199051979e-01
3.560813417527236568e-01
3.564816550657836092e-01
3.568768736910959416e-01
3.572669956719578543e-01
3.576520191632194812e-01
3.580319424317121579e-01
3.584067638565266445e-01
3.587764819294283480e-01
3.591410952551767344e-01
3.595006025518569515e-01
3.598550026512876698e-01
3.602042944993835705e-01
3.605484771564146373e-01
3.608875497975357893e-01
3.612215117130105346e-01
3.615503623086752105e-01
3.618741011062371338e-01
3.621927277436978176e-01
3.625062419757184018e-01
3.628146436740063985e-01
3.631179328276601392e-01
3.634161095436097555e-01
3.637091740469524104e-01
3.639971266813791240e-01
3.642799679095554688e-01
3.645576983135092042e-01
3.648303185950464433e-01
3.650978295761240777e-01
3.653602321992965307e-01
3.656175275280948433e-01
3.658697167474411760e-01
3.661168011640524855e-01
3.663587822069026556e-01
3.665956614275885372e-01
3.668274405007734273e-01
3.670541212246452023e-01
3.672757055213014543e-01
3.674921954372060706e-01
3.677035931436260507e-01
3.679099009370712658e-01
3.681111212397580323e-01
3.683072566000028525e-01
3.684983096927640367e-01
3.686842833200106306e-01
3.688651804112312305e-01
3.690410040239016642e-01
3.692117573439225864e-01
3.693774436861383959e-01
3.695380664947515159e-01
3.696936293438845555e-01
3.698441359379867621e-01
3.699895901123904096e-01
3.701299958337366802e-01
3.702653572005587534e-01
3.703956784437144045e-01
3.705209639269417821e-01
3.706412181473294765e-01
3.707564457358954457e-01
3.708666514580420404e-01
3.709718402141340965e-01
3.710720170400148010e-01
3.711671871075671869e-01
3.712573557251819256e-01
3.713425283384228504e-01
3.714227105305021870e-01
3.714979080228483221e-01
3.715681266757078771e-01
3.716333724886689560e-01
3.716936516012997460e-01
3.717489702936572771e-01
3.717993349869568309e-01
3.718447522440938013e-01
3.718852287703093840e-01
3.719207714137457987e-01
3.719513871661030979e-01
3.719770831632318031e-01
3.719978666857763350e-01
3.720137451597875233e-01
3.720247261574073927e-01
3.720308173974626320e-01
3.720320267461627028e-01
3.720283622177432692e-01
3.720198319751285565e-01
3.720064443306278501e-01
3.719882077465966885e-01
3.719651308361507369e-01
3.719372223638488517e-01
3.719044912464122277e-01
3.718669465534262253e-01
3.718245975080681220e-01
3.717774534878457993e-01
3.717255240253409254e-01
3.716688188089261047e-01
3.716073476835536904e-01
3.715411206515143450e-01
3.714701478732000406e-01
3.713944396678880433e-01
3.713140065145592028e-01
3.712288590526524601e-01
3.711390080829198856e-01
3.710444645682267062e-01
3.709452396343685399e-01
3.708413445709409229e-01
3.707327908321714216e-01
3.706195900377769470e-01
3.705017539738429955e-01
3.703792945936929537e-01
3.702522240187966496e-01
3.701205545396583640e-01
3.699842986167321546e-01
3.698434688813583282e-01
3.696980781366788760e-01
3.695481393585977048e-01
3.693936656967364840e-01
3.692346704754095321e-01
3.690711671946086403e-01
3.689031695309797909e-01
3.687306913388608276e-01
3.685537466512656124e-01
3.683723496809603315e-01
3.681865148214653050e-01
3.679962566481476682e-01
3.678015899192856319e-01
3.676025295771537804e-01
3.673990907491065383e-01
3.671912887487326360e-01
3.669791390769518435e-01
3.667626574231712677e-01
3.665418596664453688e-01
3.663167618766456912e-01
3.660873803156500794e-01
3.658537314385634232e-01
3.656158318949160324e-01
3.653736985299159135e-01
3.651273483856963820e-01
3.648767987025888782e-01
3.646220669204223164e-01
3.643631706798073355e-01
3.641001278234635152e-01
3.638329563975818970e-01
3.635616746531437071e-01
3.632863010473399434e-01
3.630068542449392255e-01
3.627233531197073813e-01
3.624358167558632826e-01
3.621442644494827223e-01
3.618487157100409024e-01
3.615491902618461206e-01
3.612457080455931946e-01
3.609382892198838011e-01
3.606269541627852293e-01
3.603117234734189989e-01
3.599926179735498111e-01
3.596696587092275688e-01
3.593428669524150187e-01
3.590122642026728483e-01
3.586778721888661536e-01
3.583397128708329382e-01
3.579978084412075434e-01
3.576521813271075212e-01
3.573028541920015289e-01
3.569498499374715306e-01
3.565931917050898514e-01
3.562329028782904583e-01
3.558690070842679409e-01
3.555015281959010842e-01
3.551304903337225150e-01
3.547559178678957315e-01
3.543778354202265501e-01
3.539962678662281204e-01
3.536112403371853286e-01
3.532227782222447932e-01
3.528309071705969524e-01
3.524356530936044174e-01
3.520370421670321326e-01
3.516351008332759265e-01
3.512298558036284768e-01
3.508213340605988995e-01
3.504095628602426626e-01
3.499945697345445139e-01
3.495763824938261655e-01
3.491550292292144864e-01
3.487305383150945404e-01
3.483029384116768101e-01
3.478722584675404961e-01
3.474385277222552526e-01
3.470017757090118060e-01
3.465620322573239043e-01
3.461193274957541921e-01
3.456736918547048121e-01
3.452251560692030097e-01
3.447737511818058098e-01
3.443195085454787696e-01
3.438624598265765941e-01
3.434026370078243628e-01
3.429400723913869631e-01
3.424747986019639479e-01
3.420068485899478428e-01
3.415362556346153156e-01
3.410630533474087733e-01
3.405872756752101882e-01
3.401089569037447080e-01
3.396281316609617851e-01
3.391448349205546386e-01
3.386591020054479650e-01
3.381709685914335850e-01
3.376804707107831649e-01
3.371876447560105960e-01
3.366925274836014004e-01
3.361951560178941256e-01
3.356955678549533584e-01
3.351938008665681368e-01
3.346898933042860569e-01
3.341838838035053327e-01
3.336758113876894805e-01
3.331657154725854997e-01
3.326536358705725616e-01
3.321396127950637100e-01
3.316236868649649616e-01
3.311058991092622472e-01
3.305862909716171805e-01
3.300649043151362427e-01
3.295417814271199841e-01
3.290169650239878063e-01
3.284904982562464326e-01
3.279624247135337622e-01
3.274327884297839608e-01
3.269016338884829231e-01
3.263690060279906824e-01
3.258349502469961023e-01
3.252995124100293012e-01
3.247627388531279524e-01
3.242246763895682560e-01
3.236853723156900009e-01
3.231448744168735621e-01
3.226032309735982762e-01
3.220604907676106743e-01
3.215167030882224442e-01
3.209719177387272970e-01
3.204261850429021563e-01
3.198795558516865367e-01
3.193320815499512966e-01
3.187838140633867390e-01
3.182348058655863898e-01
3.176851099851584204e-01
3.171347800130737693e-01
3.165838701101200692e-01
3.160324350144393946e-01
3.154805300493628839e-01
3.149282111312162180e-01
3.143755347773944941e-01
3.138225581145731025e-01
3.132693388870678164e-01
3.127159354653453183e-01
3.121624068547535491e-01
3.116088127043498690e-01
3.110552133159812382e-01
3.105016696534980691e-01
3.099482433521522640e-01
3.093949967282387248e-01
3.088419927888561012e-01
3.082892952419092891e-01
3.077369685063221505e-01
3.071850777224191531e-01
3.066336887625842333e-01
3.060828682420609348e-01
3.055326835300425370e-01
3.049832027609496454e-01
3.044344948459577482e-01
3.038866294847844540e-01
3.033396771776840639e-01
3.027937092377214756e-01
3.022487978033016609e-01
3.017050158509658186e-01
3.011624372084406032e-01
3.006211365679927194e-01
3.000811895000699003e-01
2.995426724671818586e-01
2.990056628381639880e-01
2.984702389026863689e-01
2.979364798861053321e-01
2.974044659646201128e-01
2.968742782807854974e-01
2.963459989593428268e-01
2.958197111234078247e-01
2.952954989110280204e-01
2.947734474920874481e-01
2.942536430855779428e-01
2.937361729772988705e-01
2.932211255379191805e-01
2.927085902414441887e-01
2.921986576841127947e-01
2.916914196037208029e-01
2.911869688993600214e-01
2.906853996516436944e-01
2.901868071433645890e-01
2.896912878806283675e-01
2.891989396144956093e-01
2.887098613630658672e-01
2.882241534341643541e-01
2.877419174484625031e-01
2.872632563631764557e-01
2.867882744963334840e-01
2.863170775515531119e-01
2.858497726434659492e-01
2.853864683237195554e-01
2.849272746075220408e-01
2.844723030009239095e-01
2.840216665286822151e-01
2.835754797627775270e-01
2.831338588516504884e-01
2.826969215500876320e-01
2.822647872498477151e-01
2.818375770110405631e-01
2.814154135941940860e-01
2.809984214931662283e-01
2.805867269687760679e-01
2.801804580833213709e-01
2.797797447358625345e-01
2.793847186983685615e-01
2.789955136527957902e-01
2.786122652289700907e-01
2.782351110434914121e-01
2.778641907394712729e-01
2.774996460273308485e-01
2.771416207265070542e-01
2.767902608082625782e-01
2.764457144394289467e-01
2.761081320272720796e-01
2.757776662654832234e-01
2.754544721811699182e-01
2.751387071830965203e-01
2.748305311110026405e-01
2.745301062861880137e-01
2.742375975632539986e-01
2.739531723830940235e-01
2.736770008272033650e-01
2.734092556732118373e-01
2.731501124517800583e-01
2.728997495048324229e-01
2.726583480451564290e-01
2.724260922173783461e-01
2.722031691604078762e-01
2.719897690712810290e-01
2.717860852704427344e-01
2.715923142685899849e-01
2.714086558349588785e-01
2.712353130671430468e-01
2.710724924624628995e-01
2.709204039908583161e-01
2.707792611693754514e-01
2.706492811381818742e-01
2.705306847382113467e-01
2.704236965902956924e-01
2.703285451759700475e-01
2.702454629197365565e-01
2.701746862729631493e-01
2.701164557992475346e-01
2.700710162613101928e-01
2.700386167093289935e-01
2.700195105707372534e-01
2.700139557413279712e-01
2.700222146777231380e-01
2.700445544910199391e-01
2.700812470416003586e-01
2.701325690349629660e-01
2.701988021184733024e-01
2.702802329788469016e-01
2.703771534403365817e-01
2.704898605631847475e-01
2.706186567424477274e-01
2.707638498067126975e-01
2.709257531165158439e-01
2.711046856621889267e-01
2.713009721607744229e-01
2.715149431515627709e-01
2.717469350898756852e-01
2.719972904386570023e-01
2.722663577571775573e-01
2.725544917863568783e-01
2.728620535300272376e-01
2.731894103312587641e-01
2.735369359430295244e-01
2.739050105921812528e-01
2.742940210356503705e-01
2.747043606077674838e-01
2.751364292573460490e-01
2.755906335729689793e-01
2.760673867950197424e-01
2.765671088124236898e-01
2.770902261422683033e-01
2.776371718898417718e-01
2.782083856867914595e-01
2.788043136043528158e-01
2.794254080387606476e-01
2.800721275652631737e-01
2.807449367568146670e-01
2.814443059633588984e-01
2.821707110466832868e-01
2.829246330656571828e-01
2.837065579059753206e-01
2.845169758476384647e-01
2.853563810630225794e-01
2.862252710371835929e-01
2.871241459014084452e-01
2.880535076697415819e-01
2.890138593672885170e-01
2.900057040374898198e-01
2.910295436144524350e-01
2.920858776444647531e-01
2.931752018392456138e-01
2.942980064412426544e-01
2.954547743792027004e-01
2.966459791893775177e-01
2.978720826752603301e-01
2.991335322750395265e-01
3.004307581027857443e-01
3.017641696249673822e-01
3.031341519295822629e-01
3.045410615399055110e-01
3.059852217191780799e-01
3.074669172061215150e-01
3.089863883137831668e-01
3.105438243162599865e-01
3.121393560384785326e-01
3.137730475541120057e-01
3.154448868849584753e-01
3.171547755823369563e-01
3.189025170563428713e-01
3.206878035024438023e-01
3.225102012567205856e-01
3.243691343903399860e-01
3.262638663309735398e-01
3.281934792731164285e-01
3.301568511106631187e-01
3.321526295929319583e-01
3.341792033701566078e-01
3.362346695546470365e-01
3.383167973807459927e-01
3.404229874984536774e-01
3.425502263835075167e-01
3.446950352894640468e-01
3.468534131059456405e-01
3.490207724212260332e-01
3.511918680182000152e-01
3.533607169604163212e-01
3.555205093520140136e-01
3.576635087835731697e-01
3.597809414090661906e-01
3.618628725418441272e-01
3.638980696167769535e-01
3.658738503501048345e-01
3.677759149512590531e-01
3.695881613171727031e-01
3.712924822922220036e-01
3.728685443335281735e-01
3.742935473192604556e-01
3.755419658242423742e-01
3.765852730236898260e-01
3.773916495494567536e-01
3.779256812106083219e-01
3.781480516216751409e-01
3.780152386041606416e-01
3.774792269156478919e-01
3.764872546221278427e-01
3.749816164966459642e-01
3.728995554533867107e-01
3.701732824647072650e-01
3.667301768805581452e-01
3.624932327078527750e-01
3.573818321673865039e-01
3.513129453701783200e-01
3.442028733788244921e-01
3.359696695968812930e-01
3.265363885767624819e-01
3.158353175894381137e-01
3.038133382181546494e-01
2.904385338506541570e-01
2.757080924929411481e-01
2.596574385423585096e-01
2.423703465272145363e-01
2.239895305404398240e-01
2.047268584853148832e-01
1.848719193053810217e-01
1.647972104758365086e-01
1.449577893771906711e-01
1.258829746604760158e-01
1.081577734957409886e-01
9.239235967380846071e-02
7.917932326026573542e-02
6.904062264690268014e-02
6.236902169614258473e-02
5.937177244318372210e-02
6.002653982748060169e-02
6.406000579574334941e-02
7.095736791131632137e-02
7.947043117219139419e-02
7.153466524211113398e-02
6.416408414187868559e-02
5.732175424652120876e-02
5.097354985558948115e-02
4.508787186999290569e-02
3.963539829309980361e-02
3.458886323021367892e-02
2.992286135367929617e-02
2.561367507217034503e-02
2.163912189332717687e-02
1.797841970075851961e-02
1.461206788013752131e-02
1.152174242682962174e-02
8.690203349828996143e-03
6.101212855155885295e-03
3.739462947356072750e-03
1.590511231015138624e-03
-3.592761736174574947e-04
-2.122775565180266225e-03
-3.712151298741561776e-03
-5.138896876460995362e-03
-6.413872148301688787e-03
-7.547337194328136364e-03
-8.548983382908817083e-03
-9.427962029351902654e-03
-1.019291101680479261e-02
-1.085197968517927908e-02
-1.141285224406325162e-02
-1.188276992178077633e-02
-1.226855202427475956e-02
-1.257661604415509851e-02
-1.281299693163856501e-02
-1.298336561475981615e-02
-1.309304683561679505e-02
-1.314703635270286254e-02
-1.315001754529280045e-02
-1.310637744507493416e-02
-1.302022221148386831e-02
-1.289539206085076918e-02
-1.273547565482568804e-02
-1.254382395047873300e-02
-1.232356351276117992e-02
-1.207760928922279979e-02
-1.180867684712112904e-02
-1.151929407367822782e-02
-1.121181234175035700e-02
-1.088841714460807991e-02
-1.055113820541582308e-02
-1.020185906902105165e-02
-9.842326185495305080e-03
-9.474157496957022820e-03
-9.098850540767439848e-03
-8.717790084118253596e-03
-8.332255306264756828e-03
-7.943426545982287118e-03
-7.552391632895728325e-03
-6.817071512023506127e-03
-5.255169789639659722e-03
-3.615911843293455764e-03
-1.901648736571551722e-03
-1.147668341333896576e-04
1.742315217886716621e-03
3.667149372979129542e-03
5.657260932441197931e-03
7.710151167446155189e-03
9.823299822786499269e-03
1.199416751105615055e-02
1.422019800676201789e-02
1.649882045037610184e-02
1.882745147306503011e-02
2.120349725284661688e-02
2.362435551338767578e-02
2.608741747661099883e-02
2.859006978022058179e-02
3.112969637106366080e-02
3.370368038501549840e-02
3.630940602352123597e-02
3.894426043653547581e-02
4.160563562092887274e-02
4.429093034261862710e-02
4.699755209009835039e-02
4.972291906592899574e-02
5.246446222199996345e-02
5.521962734324798588e-02
5.798587718357137849e-02
6.076069365652676801e-02
6.354158008235415156e-02
6.632606349166667026e-02
6.911169698510626069e-02
7.189606214705965281e-02
7.467677151044332939e-02
7.745147106845977347e-02
8.021784282814231615e-02
8.297360739953411890e-02
8.571652661329157152e-02
8.844440615860095500e-02
9.115509823254673571e-02
9.384650419102953667e-02
9.651657719098866162e-02
9.916332481269715671e-02
1.017848116506666761e-01
1.043791618611059069e-01
1.069445616535828897e-01
1.094792617144394881e-01
1.119815795491752586e-01
1.144499017312596290e-01
1.168826860448290705e-01
1.192784635089164658e-01
1.216358402713236808e-01
1.239534993605798247e-01
1.262302022850966265e-01
1.284647904691788856e-01
1.306561865163605174e-01
1.328033952914554894e-01
1.349055048135032464e-01
1.369616869528647030e-01
1.389711979268753728e-01
1.409333785894705260e-01
1.428476545114408247e-01
1.447135358492319113e-01
1.465306170013435938e-01
1.482985760527938124e-01
1.500171740092104133e-01
1.516862538235152214e-01
1.533057392192506418e-01
1.548756333159951870e-01
1.563960170632432423e-01
1.578670474904098342e-01
1.592889557815419244e-01
1.606620451843897568e-01
1.619866887642348874e-01
1.632633270137993364e-01
1.644924653311721219e-01
1.656746713783120717e-01
1.668105723331215207e-01
1.679008520486129086e-01
1.689462481327142773e-01
1.699475489626414149e-01
1.709055906477445208e-01
1.718212539545059536e-01
1.726954612075256856e-01
1.735291731797011239e-01
1.743233859847883593e-01
1.750791279847267456e-01
1.757974567239106167e-01
1.764794559017049125e-01
1.771262323940367978e-01
1.777389133339835892e-01
1.783186432606326255e-01
1.788665813446308206e-01
1.793838986978918693e-01
1.798717757742655798e-01
1.803313998668780449e-01
1.807639627070999344e-01
1.811706581692389129e-01
1.815526800840514821e-01
1.819112201635217640e-01
1.822474660384007794e-01
1.825625994092784088e-01
1.828577943112634496e-01
1.831342154915734100e-01
1.833930168987795151e-01
1.836353402818123315e-01
1.838623138963310644e-01
1.840750513155631762e-01
1.842746503422890425e-01
1.844621920183073527e-01
1.846387397274439901e-01
1.848053383877455158e-01
1.849630137285565856e-01
1.851127716478308816e-01
1.852555976449672681e-01
1.853924563244635226e-01
1.855242909656532324e-01
1.856520231537541754e-01
1.857765524676331381e-01
1.858987562196685595e-01
1.860194892433481295e-01
1.861395837242819928e-01
1.862598490705399124e-01
1.863810718184352178e-01
1.865040155700324331e-01
1.866294209589341169e-01
1.867580056410671208e-01
1.868904643075310068e-01
1.870274687166493532e-01
1.871696677427860389e-01
1.873176874396282887e-01
1.874721311158034365e-01
1.876335794211490549e-01
1.878025904418959280e-01
1.879796998035306033e-01
1.881654207799975664e-01
1.883602444084165606e-01
1.885646396084263710e-01
1.887790533055187792e-01
1.890039105579750245e-01
1.892396146870045648e-01
1.894865474099497460e-01
1.897450689764782206e-01
1.900155183077740229e-01
1.902982131389358567e-01
1.905934501647562618e-01
1.909015051892003489e-01
1.912226332789193628e-01
1.915570689212562905e-01
1.919050261871398100e-01
1.922666988994106430e-01
1.926422608070071929e-01
1.930318657656106551e-01
1.934356479252079819e-01
1.938537219251469379e-01
1.942861830971539527e-01
1.947331076768311908e-01
1.951945530241464277e-01
1.956705578533379231e-01
1.961611424726564523e-01
1.966663090343775122e-01
1.971860417954358624e-01
1.977203073890025087e-01
1.982690551072850416e-01
1.988322171958076812e-01
1.994097091593853011e-01
2.000014300799072831e-01
2.006072629460970425e-01
2.012270749952474735e-01
2.018607180670627388e-01
2.025080289694192737e-01
2.031688298561650508e-01
2.038429286166733023e-01
2.045301192771140086e-01
2.052301824131734231e-01
2.059428855739910691e-01
2.066679837170771472e-01
2.074052196537778114e-01
2.081543245050617996e-01
2.089150181671033391e-01
2.096870097863083315e-01
2.104699982432552408e-01
2.112636726451144753e-01
2.120677128259158828e-01
2.128817898541927323e-01
2.137055665473522048e-01
2.145386979921856674e-01
2.153808320708364421e-01
2.162316099916161694e-01
2.170906668239196424e-01
2.179576320366114206e-01
2.188321300390433932e-01
2.197137807241262841e-01
2.206022000125500426e-01
2.214970003974778001e-01
2.223977914889293528e-01
2.233041805570673555e-01
2.242157730735515608e-01
2.251321732503089867e-01
2.260529845747381583e-01
2.269778103407285585e-01
2.279062541745879855e-01
2.288379205551671625e-01
2.297724153273369430e-01
2.307093462081380164e-01
2.316483232846955898e-01
2.325889595033233670e-01
2.335308711489484379e-01
2.344736783141792569e-01
2.354170053573331756e-01
2.363604813487233947e-01
2.373037405045310688e-01
2.382464226076281000e-01
2.391881734147826566e-01
2.401286450495971336e-01
2.410674963806357096e-01
2.420043933842578043e-01
2.429390094916064891e-01
2.438710259193092034e-01
2.448001319834970380e-01
2.457260253966753738e-01
2.466484125471694322e-01
2.475670087607573511e-01
2.484815385443017444e-01
2.493917358110213089e-01
2.502973440873227928e-01
2.511981167009554872e-01
2.520938169504326476e-01
2.529842182555775976e-01
2.538691042892439742e-01
2.547482690901533009e-01
2.556215171569492517e-01
2.564886635235388290e-01
2.573495338158605095e-01
2.582039642902529408e-01
2.590518018536752676e-01
2.598929040659491152e-01
2.607271391244299630e-01
2.615543858313397751e-01
2.623745335441769466e-01
2.631874821095790407e-01
2.639931417810984504e-01
2.647914331212976591e-01
2.655822868887394161e-01
2.663656439102870532e-01
2.671414549393603122e-01
2.679096805006110360e-01
2.686702907217058955e-01
2.694232651527508904e-01
2.701685925739655825e-01
2.709062707923635682e-01
2.716363064279129769e-01
2.723587146900011136e-01
2.730735191447328791e-01
2.737807514738497261e-01
2.744804512258563478e-01
2.751726655600880700e-01
2.758574489843594324e-01
2.765348630868886826e-01
2.772049762631683678e-01
2.778678634384081914e-01
2.785236057862530146e-01
2.791722904443601494e-01
2.798140102275382679e-01
2.804488633389684571e-01
2.810769530802171845e-01
2.816983875605149623e-01
2.823132794059757256e-01
2.829217454691724809e-01
2.835239065397810454e-01
2.841198870565673218e-01
2.847098148214352586e-01
2.852938207158230988e-01
2.858720384199819886e-01
2.864446041355284689e-01
2.870116563116623665e-01
2.875733353754306165e-01
2.881297834663642532e-01
2.886811441758441732e-01
2.892275622914760036e-01
2.897691835467455790e-01
2.903061543762462393e-01
2.908386216766261079e-01
2.913667325736134517e-01
2.918906341951327810e-01
2.924104734508027326e-01
2.929263968179505184e-01
2.934385501342045011e-01
2.939470783968354262e-01
2.944521255689465100e-01
2.949538343925018347e-01
2.954523462083676333e-01
2.959478007833182822e-01
2.964403361440803297e-01
2.969300884183955769e-01
2.974171916831698237e-01
2.979017778195731658e-01
2.983839763752131335e-01
2.988639144332525532e-01
2.993417164884454307e-01
2.998175043300575493e-01
3.002913969316207132e-01
3.007635103473803029e-01
3.012339576154793863e-01
3.017028486676921473e-01
3.021702902456758211e-01
3.026363858236323368e-01
3.031012355372890710e-01
3.035649361191189444e-01
3.040275808396348811e-01
3.044892594547283227e-01
3.049500581589149606e-01
3.054100595443376975e-01
3.058693425654978593e-01
3.063279825095167608e-01
3.067860509718643991e-01
3.072436158374520221e-01
3.077007412668882336e-01
3.081574876879078495e-01
3.086139117917339192e-01
3.090700665343731335e-01
3.095260011425852165e-01
3.099817611245744842e-01
3.104373882851256816e-01
3.108929207452027499e-01
3.113483929657820393e-01
3.118038357758819989e-01
3.122592764046401292e-01
3.127147385172716620e-01
3.131702422549212939e-01
3.136258042781430166e-01
3.140814378139578644e-01
3.145371527064030892e-01
3.149929554703768120e-01
3.154488493487395684e-01
3.159048343724543129e-01
3.163609074237455077e-01
3.168170623021104859e-01
3.172732897930327089e-01
3.177295777393119303e-01
3.181859111149076824e-01
3.186422721010942483e-01
3.190986401649000270e-01
3.195549921396129145e-01
3.200113023073009044e-01
3.204675424831724961e-01
3.209236821016621111e-01
3.213796883041248331e-01
3.218355260280039709e-01
3.222911580973193968e-01
3.227465453143770202e-01
3.232016465525762716e-01
3.236564188501109829e-01
3.241108175045689932e-01
3.245647961681207838e-01
3.250183069433301153e-01
3.254713004793577946e-01
3.259237260684733073e-01
3.263755317426915159e-01
3.268266643704599850e-01
3.272770697532599860e-01
3.277266927219381065e-01
3.281754772327052927e-01
3.286233664626400097e-01
3.290703029046090911e-01
3.295162284613790127e-01
3.299610845389740477e-01
3.304048121389673853e-01
3.308473519497291959e-01
3.312886444364585570e-01
3.317286299298602970e-01
3.321672487134355589e-01
3.326044411091937936e-01
3.330401475617396634e-01
3.334743087206116785e-01
3.339068655207763081e-01
3.343377592611679328e-01
3.347669316812538765e-01
3.351943250354069148e-01
3.356198821651663611e-01
3.360435465691629098e-01
3.364652624707367701e-01
3.368849748831277413e-01
3.373026296721757800e-01
3.377181736165081327e-01
3.381315544651259386e-01
3.385427209923221881e-01
3.389516230499758365e-01
3.393582116170454355e-01
3.397624388463645340e-01
3.401642581086115613e-01
3.405636240334973253e-01
3.409604925480630988e-01
3.413548209122250210e-01
3.417465677513780720e-01
3.421356930861782497e-01
3.425221583594967867e-01
3.429059264604515933e-01
3.432869617456845712e-01
3.436652300577783259e-01
3.440406987408495265e-01
3.444133366534130603e-01
3.447831141785012710e-01
3.451500032310250710e-01
3.455139772625506200e-01
3.458750112633578455e-01
3.462330817620176138e-01
3.465881668223597667e-01
3.469402460380371367e-01
3.472893005246354137e-01
3.476353129094766348e-01
3.479782673191074704e-01
3.483181493645787219e-01
3.486549461246069015e-01
3.489886461266494821e-01
3.493192393259954009e-01
3.496467170829223869e-01
3.499710721380824840e-01
3.502922985860540406e-01
3.506103918473074676e-01
3.509253486385529586e-01
3.512371669415864095e-01
3.515458459707623828e-01
3.518513861391276420e-01
3.521537890233293333e-01
3.524530573273905176e-01
3.527491948454597459e-01
3.530422064235309021e-01
3.533320979203775636e-01
3.536188761676535286e-01
3.539025489293111670e-01
3.541831248604104254e-01
3.544606134654401663e-01
3.547350250561350782e-01
3.550063707090340137e-01
3.552746622226768403e-01
3.555399120747051445e-01
3.558021333787746432e-01
3.560613398414940178e-01
3.563175457194023843e-01
3.565707657760338045e-01
3.568210152392224388e-01
3.570683097586354049e-01
3.573126653636466976e-01
3.575540984216128981e-01
3.577926255965945268e-01
3.580282638086184632e-01
3.582610301934572861e-01
3.584909420631297583e-01
3.587180168669982794e-01
3.589422721536594252e-01
3.591637255335800583e-01
3.593823946425598326e-01
3.595982971060937006e-01
3.598114505046008382e-01
3.600218723396200193e-01
3.602295800009625015e-01
3.604345907349036926e-01
3.606369216133740729e-01
3.608365895042446314e-01
3.610336110426732859e-01
3.612280026035881164e-01
3.614197802752648347e-01
3.616089598340658795e-01
3.617955567203302580e-01
3.619795860154319533e-01
3.621610624200246598e-01
3.623400002334341008e-01
3.625164133342939077e-01
3.626903151623164789e-01
3.628617187013004064e-01
3.630306364632956972e-01
3.631970804739694803e-01
3.633610622591463279e-01
3.635225928325445666e-01
3.636816826846481221e-01
3.638383417727224511e-01
3.639925795120422802e-01
3.641444047681708374e-01
3.642938258503831128e-01
3.644408505062144421e-01
3.645854859170148399e-01
3.647277386946756184e-01
3.648676148792719953e-01
3.650051199378241962e-01
3.651402587640037445e-01
3.652730356788344013e-01
3.654034544323172540e-01
3.655315182060259183e-01
3.656572296165456204e-01
3.657805907198171669e-01
3.659016030163304567e-01
3.660202674571036985e-01
3.661365844504657074e-01
3.662505538696084750e-01
3.663621750608458960e-01
3.664714468525938074e-01
3.665783675649903484e-01
3.666829350201625815e-01
3.667851465531193345e-01
3.668849990232050939e-01
3.669824888260740936e-01
3.670776119062164611e-01
3.671703637699351708e-01
3.672607394987822960e-01
3.673487337634120387e-01
3.674343408378183407e-01
3.675175546139181626e-01
3.675983686164741027e-01
3.676767760182899081e-01
3.677527696556895376e-01
3.678263420441845732e-01
3.678974853943833279e-01
3.679661916280622114e-01
3.680324523943358517e-01
3.680962590859958028e-01
3.681576028558907199e-01
3.682164746333590477e-01
3.682728651407192189e-01
3.683267649097015650e-01
3.683781642979270798e-01
3.684270535052301954e-01
3.684734225900062055e-01
3.685172614853606810e-01
3.685585600151747299e-01
3.685973079100198224e-01
3.686334948228517372e-01
3.686671103445557929e-01
3.686981440192094173e-01
3.687265853591775167e-01
3.687524238598410276e-01
3.687756490141573806e-01
3.687962503268261139e-01
3.688142173281708791e-01
3.688295395877023708e-01
3.688422067272756344e-01
3.688522084339578289e-01
3.688595344724168168e-01
3.688641746969928970e-01
3.688661190633354403e-01
3.688653576396056510e-01
3.688618806172563325e-01
3.688556783214026469e-01
3.688467412206640761e-01
3.688350599366543858e-01
3.688206252529167561e-01
3.688034281234239820e-01
3.687834596806203735e-01
3.687607112429516776e-01
3.687351743219109412e-01
3.687068406286397315e-01
3.686757020799690809e-01
3.686417508040447655e-01
3.686049791454183433e-01
3.685653796696540807e-01
3.685229451674598700e-01
3.684776686583375316e-01
3.684295433937286868e-01
3.683785628596958905e-01
3.683247207791596756e-01
3.682680111135954171e-01
3.682084280643539986e-01
3.681459660734778816e-01
3.680806198240731408e-01
3.680123842402593382e-01
3.679412544866680346e-01
3.678672259675851430e-01
3.677902943255620394e-01
3.677104554397642722e-01
3.676277054238164532e-01
3.675420406233771975e-01
3.674534576132377217e-01
3.673619531941721417e-01
3.672675243893699371e-01
3.671701684405875854e-01
3.670698828039892780e-01
3.669666651456384709e-01
3.668605133367803806e-01
3.667514254487900249e-01
3.666393997479054923e-01
3.665244346897044148e-01
3.664065289133427439e-01
3.662856812356201086e-01
3.661618906448149136e-01
3.660351562943509607e-01
3.659054774963189094e-01
3.657728537147940107e-01
3.656372845591063236e-01
3.654987697768919408e-01
3.653573092471319450e-01
3.652129029730364351e-01
3.650655510748804233e-01
3.649152537828046494e-01
3.647620114295152538e-01
3.646058244430112616e-01
3.644466933392416785e-01
3.642846187148355286e-01
3.641196012397406867e-01
3.639516416499790075e-01
3.637807407403931270e-01
3.636068993574487762e-01
3.634301183921218037e-01
3.632503987727973560e-01
3.630677414583670659e-01
3.628821474312969309e-01
3.626936176908849285e-01
3.625021532466091156e-01
3.623077551116170580e-01
3.621104242963189002e-01
3.619101618021892675e-01
3.617069686156409447e-01
3.615008457021465227e-01
3.612917940004526929e-01
3.610798144170469515e-01
3.608649078207457617e-01
3.606470750375077028e-01
3.604263168454311383e-01
3.602026339699500035e-01
3.599760270792682348e-01
3.597464967799279822e-01
3.595140436126968986e-01
3.592786680485765549e-01
3.590403704850987920e-01
3.587991512427932128e-01
3.585550105619224603e-01
3.583079485994111746e-01
3.580579654260336309e-01
3.578050610237853979e-01
3.575492352835249465e-01
3.572904880028203167e-01
3.570288188840221588e-01
3.567642275325783041e-01
3.564967134555402373e-01
3.562262760603422951e-01
3.559529146537372957e-01
3.556766284409996204e-01
3.553974165253365181e-01
3.551152779074719379e-01
3.548302114854982592e-01
3.545422160548510893e-01
3.542512903086029175e-01
3.539574328377966261e-01
3.536606421321133453e-01
3.533609165806325114e-01
3.530582544728212979e-01
3.527526539996772015e-01
3.524441132550236722e-01
3.521326302370162975e-01
3.518182028497621183e-01
3.515008289051068657e-01
3.511805061245750204e-01
3.508572321414165085e-01
3.505310045028395272e-01
3.502018206723060967e-01
3.498696780319965338e-01
3.495345738853566919e-01
3.491965054597454543e-01
3.488554699092206723e-01
3.485114643173576887e-01
3.481644857002028082e-01
3.478145310092619624e-01
3.474615971345991761e-01
3.471056809079479666e-01
3.467467791059480331e-01
3.463848884533398120e-01
3.460200056263003088e-01
3.456521272557203095e-01
3.452812499305951133e-01
3.449073702013608078e-01
3.445304845832894980e-01
3.441505895598959142e-01
3.437676815863392465e-01
3.433817570927734097e-01
3.429928124877815176e-01
3.426008441617149347e-01
3.422058484900370456e-01
3.418078218366545351e-01
3.414067605571902697e-01
3.410026610022037774e-01
3.405955195204650732e-01
3.401853324620294772e-01
3.397720961813631146e-01
3.393558070404053550e-01
3.389364614115220053e-01
3.385140556804177581e-01
3.380885862489952931e-01
3.376600495380901457e-01
3.372284419901851460e-01
3.367937600720088409e-01
3.363560002770381030e-01
3.359151591279466165e-01
3.354712331789385105e-01
3.350242190180033330e-01
3.345741132690572273e-01
3.341209125939984537e-01
3.336646136946558872e-01
3.332052133146419792e-01
3.327427082411077430e-01
3.322770953063812205e-01
3.318083713894899311e-01
3.313365334176061605e-01
3.308615783673714561e-01
3.303835032660950577e-01
3.299023051928762218e-01
3.294179812795882123e-01
3.289305287117829657e-01
3.284399447294651941e-01
3.279462266277586857e-01
3.274493717574896712e-01
3.269493775256341883e-01
3.264462413956850662e-01
3.259399608878935095e-01
3.254305335794466236e-01
3.249179571044785164e-01
3.244022291540366587e-01
3.238833474759596487e-01
3.233613098745972692e-01
3.228361142104914094e-01
3.223077583999525708e-01
3.217762404145335098e-01
3.212415582804486469e-01
3.207037100778535321e-01
3.201626939401026051e-01
3.196185080529053146e-01
3.190711506533948083e-01
3.185206200291337275e-01
3.179669145170502809e-01
3.174100325023194169e-01
3.168499724171663923e-01
3.162867327395993411e-01
3.157203119921258572e-01
3.151507087403602192e-01
3.145779215916351124e-01
3.140019491935271967e-01
3.134227902323523107e-01
3.128404434316375826e-01
3.122549075505267613e-01
3.116661813821639537e-01
3.110742637520843568e-01
3.104791535164926897e-01
3.098808495606103497e-01
3.092793507969654465e-01
3.086746561636445341e-01
3.080667646225703771e-01
3.074556751577521840e-01
3.068413867735242384e-01
3.062238984927976304e-01
3.056032093552996098e-01
3.049793184158198778e-01
3.043522247424655935e-01
3.037219274149379755e-01
3.030884255227938029e-01
3.024517181637266794e-01
3.018118044419099144e-01
3.011686834663078183e-01
3.005223543490199156e-01
2.998728162036942146e-01
2.992200681439035059e-01
2.985641092816129771e-01
2.979049387256224035e-01
2.972425555801163632e-01
2.965769589431732078e-01
2.959081479053667918e-01
2.952361215484114454e-01
2.945608789437797470e-01
2.938824191514886053e-01
2.932007412188015194e-01
2.925158441790559616e-01
2.918277270505370002e-01
2.911363888353533103e-01
2.904418285184226511e-01
2.897440450664722222e-01
2.890430374270944180e-01
2.883388045278758582e-01
2.876313452755713262e-01
2.869206585553102928e-01
2.862067432298933678e-01
2.854895981391476489e-01
2.847692220992771306e-01
2.840456139023528892e-01
2.833187723157996052e-01
2.825886960819589122e-01
2.818553839177080356e-01
2.811188345141474310e-01
2.803790465362875350e-01
2.796360186228994960e-01
2.788897493862938504e-01
2.781402374122256549e-01
2.773874812598548512e-01
2.766314794617408257e-01
2.758722305238620609e-01
2.751097329257601865e-01
2.743439851206311841e-01
2.735749855355706917e-01
2.728027325717881091e-01
2.720272246048923148e-01
2.712484599852417744e-01
2.704664370383115801e-01
2.696811540651022909e-01
2.688926093426066699e-01
2.681008011243062872e-01
2.673057276406867744e-01
2.665073870998353467e-01
2.657057776880288325e-01
2.649008975703630586e-01
2.640927448914251463e-01
2.632813177759988355e-01
2.624666143297635923e-01
2.616486326400776496e-01
2.608273707767083116e-01
2.600028267926592918e-01
2.591749987249717391e-01
2.583438845955581820e-01
2.575094824120516823e-01
2.566717901686919046e-01
2.558308058471505109e-01
2.549865274174897278e-01
2.541389528389987329e-01
2.532880800611661543e-01
2.524339070245240624e-01
2.515764316616229124e-01
2.507156518979224979e-01
2.498515656527209583e-01
2.489841708400911680e-01
2.481134653697820713e-01
2.472394471481443590e-01
2.463621140790500375e-01
2.454814640647658419e-01
2.445974950069126352e-01
2.437102048072767868e-01
2.428195913687443419e-01
2.419256525961366311e-01
2.410283863970829055e-01
2.401277906828297726e-01
2.392238633690929317e-01
2.383166023768241715e-01
2.374060056330319080e-01
2.364920710715274765e-01
2.355747966336672605e-01
2.346541802690870759e-01
2.337302199364097444e-01
2.328029136039050651e-01
2.318722592501500923e-01
2.309382548646891631e-01
2.300008984485874541e-01
2.290601880150574809e-01
2.281161215899852879e-01
2.271686972124711268e-01
2.262179129353207585e-01
2.252637668255177139e-01
2.243062569646628035e-01
2.233453814494084089e-01
2.223811383918153084e-01
2.214135259197352879e-01
2.204425421771248617e-01
2.194681853243456160e-01
2.184904535384516455e-01
2.175093450133940565e-01
2.165248579602720158e-01
