0.000000000000000000e+00
9.557661091188835898e-05
3.175305693712004193e-04
6.739954669561621465e-04
1.165156109312218656e-03
1.788477080753517060e-03
2.540545496602838235e-03
3.417718757216944240e-03
4.416350608189316060e-03
5.532868447648824940e-03
6.763798212164874764e-03
8.105770839067870728e-03
9.555522302718843369e-03
1.110989145722114310e-02
1.276581717732934267e-02
1.452033532178136424e-02
1.637057570184439342e-02
1.831375911727388395e-02
2.034719447947292564e-02
2.246827602658982639e-02
2.467448063015149212e-02
2.696336519100019091e-02
2.933256412174957070e-02
3.177978691283402796e-02
3.430281577922079939e-02
3.689950338492671567e-02
3.956777064258056725e-02
4.230560458530195633e-02
4.511105630833953106e-02
4.798223897791046438e-02
5.091732590485061744e-02
5.391454868071787754e-02
5.697219537410775497e-02
6.008860878500989905e-02
6.326218475514344686e-02
6.649137053224551952e-02
6.977466318643366083e-02
7.311060807676944551e-02
7.649779736630180071e-02
7.993486858387494065e-02
8.342050323110528076e-02
8.695342543298295590e-02
9.053240063062253928e-02
9.415623431475075855e-02
9.782377079857650093e-02
1.015338920287577329e-01
1.052855164332161531e-01
1.090775978046329420e-01
1.129091242184618871e-01
1.167791169843966637e-01
1.206866296302162300e-01
1.246307469170229582e-01
1.286105838848992100e-01
1.326252849280359081e-01
1.366740228984482941e-01
1.407559982373962348e-01
1.448704381336775593e-01
1.490165957079848114e-01
1.531937492225109720e-01
1.574012013150762335e-01
1.616382782570017773e-01
1.659043292340298126e-01
1.701987256495867129e-01
1.745208604496941152e-01
1.788701474688867699e-01
1.832460207964693999e-01
1.876479341625003627e-01
1.920753603428864975e-01
1.965277905829886373e-01
2.010047340391659665e-01
2.055057172376875962e-01
2.100302835504654353e-01
2.145779926870747811e-01
2.191484202025451578e-01
2.237411570204115574e-01
2.283558089705456096e-01
2.329919963412770689e-01
2.376493534453571477e-01
2.423275281993116093e-01
2.470261817157544115e-01
2.517449879082384046e-01
2.564836331082319676e-01
2.612418156938480229e-01
2.660192457299258018e-01
2.708156446191182232e-01
2.756307447636097141e-01
2.804642892371511098e-01
2.853160314670535325e-01
2.901857349258534780e-01
2.950731728323210401e-01
2.999781278615220037e-01
3.049003918636588040e-01
3.098397655914046367e-01
3.147960584354786429e-01
3.197690881681999886e-01
3.247586806947754812e-01
3.297646698120817454e-01
3.347868969747326839e-01
3.398252110681764804e-01
3.448794681886462876e-01
3.499495314297381698e-01
3.550352706754116849e-01
3.601365623992494602e-01
3.652532894697503307e-01
3.703853409615091019e-01
3.755326119720860389e-01
3.806950034444169240e-01
3.858724219945772749e-01
3.910647797447547314e-01
3.962719941612774521e-01
4.014939878975346543e-01
4.067306886416548473e-01
4.119820289687993187e-01
4.172479461979212156e-01
4.225283822528750899e-01
4.278232835277291923e-01
4.331326007561593361e-01
4.384562888848068662e-01
4.437943069504742821e-01
4.491466179610413278e-01
4.545131887799972459e-01
4.598939900144632387e-01
4.652889959066149883e-01
4.706981842283938788e-01
4.761215361794002843e-01
4.815590362878884312e-01
4.870106723147428762e-01
4.924764351603635459e-01
4.979563187743685226e-01
5.034503200680221502e-01
5.089584388293075801e-01
5.144806776405543847e-01
5.200170417985560123e-01
5.255675392370915411e-01
5.311321804517892264e-01
5.367109784272355855e-01
5.423039485662941583e-01
5.479111086215385784e-01
5.535324786287555421e-01
5.591680808424404070e-01
5.648179396732301294e-01
5.704820816272300199e-01
5.761605352471440566e-01
5.818533310551874393e-01
5.875605014977118845e-01
5.932820808914937016e-01
5.990181053716346904e-01
6.047686128410383333e-01
6.105336429213942262e-01
6.163132369056525395e-01
6.221074377119215626e-01
6.279162898387499192e-01
6.337398393217715808e-01
6.395781336916425142e-01
6.454312219332660749e-01
6.512991544462424232e-01
6.571819830065140922e-01
6.630797607291751827e-01
6.689925420324103200e-01
6.749203826025265140e-01
6.808633393600475037e-01
6.868214704268462700e-01
6.927948350942633171e-01
6.987834937922181577e-01
7.047875080592452823e-01
7.108069405134542773e-01
7.168418548243834509e-01
7.228923156857083310e-01
7.289583887887892688e-01
7.350401407970291734e-01
7.411376393210326041e-01
7.472509528945094903e-01
7.533801509509419070e-01
7.595253038009598390e-01
7.656864826104173849e-01
7.718637593791518592e-01
7.780572069204068075e-01
7.842668988408796338e-01
7.904929095214066059e-01
7.967353140982381676e-01
8.029941884449098843e-01
8.092696091546726089e-01
8.155616535234770925e-01
8.218703995334960544e-01
8.281959258371609511e-01
8.345383117417135566e-01
8.408976371942319394e-01
8.472739827671440516e-01
8.536674296442001708e-01
8.600780596068976491e-01
8.665059550213287665e-01
8.729511988254664567e-01
8.794138745168605942e-01
8.858940661407190831e-01
8.923918582783941789e-01
8.989073360362338505e-01
9.054405850348097307e-01
9.119916913984970064e-01
9.185607417453977019e-01
9.251478231776016914e-01
9.317530232717804450e-01
9.383764300700936367e-01
9.450181320714055033e-01
9.516782182228006315e-01
9.583567779113998375e-01
9.650539009564490511e-01
9.717696776016946369e-01
9.785041985080235039e-01
9.852575547463632288e-01
9.920298377908425280e-01
9.988211395121896485e-01
1.005631552171384557e+00
1.012461168413533619e+00
1.019310081261980860e+00
1.026178384112636621e+00
1.033066170728522692e+00
1.039973535234531843e+00
1.046900572112386074e+00
1.053847376195801377e+00
1.060814042665837897e+00
1.067800667046445495e+00
1.074807345200192721e+00
1.081834173324176529e+00
1.088881247946098529e+00
1.095948665920521092e+00
1.103036524425283771e+00
1.110144920958084702e+00
1.117273953333213443e+00
1.124423719678447231e+00
1.131594318432086466e+00
1.138785848340143625e+00
1.145998408453671846e+00
1.153232098126231175e+00
1.160487017011491595e+00
1.167763265060968170e+00
1.175060942521888308e+00
1.182380149935178038e+00
1.189720988133578405e+00
1.197083558239877998e+00
1.204467961665259379e+00
1.211874300107774527e+00
1.219302675550914428e+00
1.226753190262298121e+00
1.234225946792469664e+00
1.241721047973796344e+00
1.249238596919471700e+00
1.256778697022614244e+00
1.264341451955472539e+00
1.271926965668719767e+00
1.279535342390843544e+00
1.287166686627633672e+00
1.294821103161749809e+00
1.302498697052389520e+00
1.310199573635034032e+00
1.317923838521282143e+00
1.325671597598773843e+00
1.333442957031182985e+00
1.341238023258306544e+00
1.349056902996216500e+00
1.356899703237501198e+00
1.364766531251580650e+00
1.372657494585094895e+00
1.380572701062367402e+00
1.388512258785936204e+00
1.396476276137165184e+00
1.404464861776923978e+00
1.412478124646326716e+00
1.420516173967555362e+00
1.428579119244736129e+00
1.436667070264886936e+00
1.444780137098937267e+00
1.452918430102795977e+00
1.461082059918503928e+00
1.469271137475429256e+00
1.477485773991539242e+00
1.485726080974724805e+00
1.493992170224190952e+00
1.502284153831901614e+00
1.510602144184087114e+00
1.518946253962811355e+00
1.527316596147595185e+00
1.535713284017095948e+00
1.544136431150846311e+00
1.552586151431046613e+00
1.561062559044418707e+00
1.569565768484106894e+00
1.578095894551641454e+00
1.586653052358952376e+00
1.595237357330440364e+00
1.603848925205094478e+00
1.612487872038677050e+00
1.621154314205949243e+00
1.629848368402953440e+00
1.638570151649347162e+00
1.647319781290793594e+00
1.656097375001404526e+00
1.664903050786227690e+00
1.673736926983792506e+00
1.682599122268703562e+00
1.691489755654293381e+00
1.700408946495316043e+00
1.709356814490701426e+00
1.718333479686351861e+00
1.727339062477996290e+00
1.736373683614095276e+00
1.745437464198796418e+00
1.754530525694933729e+00
1.763652989927092962e+00
1.772804979084712684e+00
1.781986615725246859e+00
1.791198022777374055e+00
1.800439323544258174e+00
1.809710641706864465e+00
1.819012101327321274e+00
1.828343826852333320e+00
1.837705943116652696e+00
1.847098575346601601e+00
1.856521849163635718e+00
1.865975890587973085e+00
1.875460826042269380e+00
1.884976782355344271e+00
1.894523886765965948e+00
1.904102266926684051e+00
1.913712050907716344e+00
1.923353367200892450e+00
1.933026344723644652e+00
1.942731112823064210e+00
1.952467801279998749e+00
1.962236540313211375e+00
1.972037460583596857e+00
1.981870693198451105e+00
1.991736369715792154e+00
2.001634622148743325e+00
2.011565582969969235e+00
2.021529385116171529e+00
2.031526161992644575e+00
2.041556047477875779e+00
2.051619175928222294e+00
2.061715682182632570e+00
2.071845701567436748e+00
2.082009369901188123e+00
2.092206823499568991e+00
2.102438199180360012e+00
2.112703634268465969e+00
2.123003266601002359e+00
2.133337234532453497e+00
2.143705676939884341e+00
2.154108733228218941e+00
2.164546543335579720e+00
2.175019247738696482e+00
2.185526987458381143e+00
2.196069904065064193e+00
2.206648139684397325e+00
2.217261837002928893e+00
2.227911139273841989e+00
2.238596190322764912e+00
2.249317134553649122e+00
2.260074116954717383e+00
2.270867283104483381e+00
2.281696779177842416e+00
2.292562751952237132e+00
2.303465348813890756e+00
2.314404717764122044e+00
2.325381007425725954e+00
2.336394367049440923e+00
2.347444946520482301e+00
2.358532896365161946e+00
2.369658367757581541e+00
2.380821512526402728e+00
2.392022483161705182e+00
2.403261432821919286e+00
2.414538515340842739e+00
2.425853885234743768e+00
2.437207697709541154e+00
2.448600108668080644e+00
2.460031274717481509e+00
2.471501353176588367e+00
2.483010502083498938e+00
2.494558880203185058e+00
2.506146647035208730e+00
2.517773962821519440e+00
2.529440988554358061e+00
2.541147885984240684e+00
2.552894817628050372e+00
2.564681946777214616e+00
2.576509437505993372e+00
2.588377454679853251e+00
2.600286163963951402e+00
2.612235731831714425e+00
2.624226325573528307e+00
2.636258113305523398e+00
2.648331263978473515e+00
2.660445947386799403e+00
2.672602334177680561e+00
2.684800595860272754e+00
2.697040904815051654e+00
2.709323434303255063e+00
2.721648358476444596e+00
2.734015852386185497e+00
2.746426091993846352e+00
2.758879254180513385e+00
2.771375516757029089e+00
2.783915058474156989e+00
2.796498059032861860e+00
2.809124699094732946e+00
2.821795160292515092e+00
2.834509625240787756e+00
2.847268277546767035e+00
2.860071301821244028e+00
2.872918883689659530e+00
2.885811209803319954e+00
2.898748467850744248e+00
2.911730846569162701e+00
2.924758535756156075e+00
2.937831726281438183e+00
2.950950610098791671e+00
2.964115380258151244e+00
2.977326230917844985e+00
2.990583357356982219e+00
3.003886955988007035e+00
3.017237224369406778e+00
3.030634361218585759e+00
3.044078566424902821e+00
3.057570041062876776e+00
3.071108987405556601e+00
3.084695608938073708e+00
3.098330110371363855e+00
3.112012697656063587e+00
3.125743577996593192e+00
3.139522959865423068e+00
3.153351053017520833e+00
3.167228068504992056e+00
3.181154218691912838e+00
3.195129717269354686e+00
3.209154779270611435e+00
3.223229621086626029e+00
3.237354460481620233e+00
3.251529516608931747e+00
3.265755010027068472e+00
3.280031162715970172e+00
3.294358198093493506e+00
3.308736341032114670e+00
3.323165817875858075e+00
3.337646856457455513e+00
3.352179686115734469e+00
3.366764537713247574e+00
3.381401643654140088e+00
3.396091237902256310e+00
3.410833555999504885e+00
3.425628835084465251e+00
3.440477313911257884e+00
3.455379232868673434e+00
3.470334833999564772e+00
3.485344361020510817e+00
3.500408059341753475e+00
3.515526176087414800e+00
3.530698960115993934e+00
3.545926662041157584e+00
3.561209534252816944e+00
3.576547830938510142e+00
3.591941808105080902e+00
3.607391723600671174e+00
3.622897837137023291e+00
3.638460410312103654e+00
3.654079706633050151e+00
3.669755991539453976e+00
3.685489532426966086e+00
3.701280598671261579e+00
3.717129461652340705e+00
3.733036394779186917e+00
3.749001673514783306e+00
3.765025575401504732e+00
3.781108380086870113e+00
3.797250369349683297e+00
3.813451827126558946e+00
3.829713039538844566e+00
3.846034294919937757e+00
3.862415883843012043e+00
3.878858099149165017e+00
3.895361235975982606e+00
3.911925591786534984e+00
3.928551466398815695e+00
3.945239162015620860e+00
3.961988983254887575e+00
3.978801237180494166e+00
3.995676233333535166e+00
4.012614283764069256e+00
4.029615703063364585e+00
4.046680808396642348e+00
4.063809919536319093e+00
4.081003358895783251e+00
4.098261451563678825e+00
4.115584525338746857e+00
4.132972910765197128e+00
4.150426941168650075e+00
4.167946952692643592e+00
4.185533284335714477e+00
4.203186277989077624e+00
4.220906278474907403e+00
4.238693633585226550e+00
4.256548694121426557e+00
4.274471813934425768e+00
4.292463349965471409e+00
4.310523662287619295e+00
4.328653114147868131e+00
4.346852072010012336e+00
4.365120905598168122e+00
4.383459987941041192e+00
4.401869695416907646e+00
4.420350407799358727e+00
4.438902508303787187e+00
4.457526383634674794e+00
4.476222424033648117e+00
4.494991023328357649e+00
4.513832578982182042e+00
4.532747492144761914e+00
4.551736167703409386e+00
4.570799014335381827e+00
4.589936444561056206e+00
4.609148874798019158e+00
4.628436725416078978e+00
4.647800420793245735e+00
4.667240389372668830e+00
4.686757063720575545e+00
4.706350880585217666e+00
4.726022280956858168e+00
4.745771710128809495e+00
4.765599617759551876e+00
4.785506457935956526e+00
4.805492689237634174e+00
4.825558774802430229e+00
4.845705182393101218e+00
4.865932384465183169e+00
4.886240858236094553e+00
4.906631085755488009e+00
4.927103553976883710e+00
4.947658754830611016e+00
4.968297185298090390e+00
4.989019347487483991e+00
5.009825748710735382e+00
5.030716901562048982e+00
5.051693323997820784e+00
5.072755539418074555e+00
5.093904076749415033e+00
5.115139470529547872e+00
5.136462260993396534e+00
5.157872994160855207e+00
5.179372221926205277e+00
5.200960502149254872e+00
5.222638398748215671e+00
5.244406481794374741e+00
5.266265327608601332e+00
5.288215518859717967e+00
5.310257644664796217e+00
5.332392300691415343e+00
5.354620089261930005e+00
5.376941619459790545e+00
5.399357507237973586e+00
5.421868375529567352e+00
5.444474854360563221e+00
5.467177580964911243e+00
5.489977199901884042e+00
5.512874363175822801e+00
5.535869730358295548e+00
5.558963968712762771e+00
5.582157753321780547e+00
5.605451767216813153e+00
5.628846701510734185e+00
5.652343255533057054e+00
5.675942136967985441e+00
5.699644061995341460e+00
5.723449755434448782e+00
5.747359950891040903e+00
5.771375390907279801e+00
5.795496827114950733e+00
5.819725020391927295e+00
5.844060741021982253e+00
5.868504768858032961e+00
5.893057893488911958e+00
5.917720914409748900e+00
5.942494641196058858e+00
5.967379893681645342e+00
5.992377502140397105e+00
6.017488307472100395e+00
6.042713161392360810e+00
6.068052926626752885e+00
6.093508477109303989e+00
6.119080698185429767e+00
6.144770486819439270e+00
6.170578751806744755e+00
6.196506413990882756e+00
6.222554406485500067e+00
6.248723674901422775e+00
6.275015177578961101e+00
6.301429885825584165e+00
6.327968784159120119e+00
6.354632870556634394e+00
6.381423156709143285e+00
6.408340668282329844e+00
6.435386445183422843e+00
6.462561541834431544e+00
6.489867027451892589e+00
6.517303986333336852e+00
6.544873518150659208e+00
6.572576738250591077e+00
6.600414777962479107e+00
6.628388784913594733e+00
6.656499923352172665e+00
6.684749374478433204e+00
6.713138336783800675e+00
6.741668026398570213e+00
6.770339677448276028e+00
6.799154542419024061e+00
6.828113892532041262e+00
6.857219018127748811e+00
6.886471229059616839e+00
6.915871855098123966e+00
6.945422246345119177e+00
6.975123773658904902e+00
7.004977829090377028e+00
7.034985826330567349e+00
7.065149201169935722e+00
7.095469411969791196e+00
7.125947940146215132e+00
7.156586290666886008e+00
7.187385992561224235e+00
7.218348599444255775e+00
7.249475690054681287e+00
7.280768868807562022e+00
7.312229766362121630e+00
7.343860040205164808e+00
7.375661375250590623e+00
7.407635484455575181e+00
7.439784109453936090e+00
7.472109021207271162e+00
7.504612020674469974e+00
7.537294939500190694e+00
7.570159640722972760e+00
7.603208019503632009e+00
7.636442003874633677e+00
7.669863555511172493e+00
7.703474670524696144e+00
7.737277380279650174e+00
7.771273752234274745e+00
7.805465890806256191e+00
7.839855938264150836e+00
7.874446075645455068e+00
7.909238523702302182e+00
7.944235543875749705e+00
7.979439439299700787e+00
8.014852555835521031e+00
8.050477283138469886e+00
8.086316055757110988e+00
8.122371354266915588e+00
8.158645706439306977e+00
8.195141688447485251e+00
8.231861926110385141e+00
8.268809096176214624e+00
8.305985927647057565e+00
8.343395203146108940e+00
8.381039760329157318e+00
8.418922493342035906e+00
8.457046354325791881e+00
8.495414354971448034e+00
8.534029568126273446e+00
8.572895129453611318e+00
8.612014239148365391e+00
8.651390163710344083e+00
8.691026237777796482e+00
8.730925866023559578e+00
8.771092525116332084e+00
8.811529765749725129e+00
8.852241214741884079e+00
8.893230577208560916e+00
8.934501638812685442e+00
8.976058268093632719e+00
9.017904418879506778e+00
9.060044132785954218e+00
9.102481541805165222e+00
9.145220870988916673e+00
9.188266441229691495e+00
9.231622672144121466e+00
9.275294085063148231e+00
9.319285306133657798e+00
9.363601069536397148e+00
9.408246220825381201e+00
9.453225720394177856e+00
9.498544647074758984e+00
9.544208201874891273e+00
9.590221711860376530e+00
9.636590634188717530e+00
9.683320560301204694e+00
9.730417220280733304e+00
9.777886487383067760e+00
9.825734382749690354e+00
9.873967080310777078e+00
9.922590911887338549e+00
9.971612372502043797e+00
1.002103812590874554e+01
1.007087501035130650e+01
1.012113004456289111e+01
1.017181043401750706e+01
1.022292357744627367e+01
1.027447707363154805e+01
1.032647872849281612e+01
1.037893656247904417e+01
1.043185881828304673e+01
1.048525396889425565e+01
1.053913072600735035e+01
1.059349804880509538e+01
1.064836515313492349e+01
1.070374152109988763e+01
1.075963691108586850e+01
1.081606136824822784e+01
1.087302523548251898e+01
1.093053916490529964e+01
1.098861412987279351e+01
1.104726143756671419e+01
1.110649274217852778e+01
1.116632005872524935e+01
1.122675577753204834e+01
1.128781267941907984e+01
1.134950395163239101e+01
1.141184320456127921e+01
1.147484448928718592e+01
1.153852231601216261e+01
1.160289167341800010e+01
1.166796804901058060e+01
1.173376745050743430e+01
1.180030642833048127e+01
1.186760209926996623e+01
1.193567217139005443e+01
1.200453497025128158e+01
1.207420946653018490e+01
1.214471530512184927e+01
1.221607283581703207e+01
1.228830314565179194e+01
1.236142809303435186e+01
1.243547034376117111e+01
1.251045340904205894e+01
1.258640168566251205e+01
1.266334049842054554e+01
1.274129614498493979e+01
1.282029594333228317e+01
1.290036828193139407e+01
1.298154267285570995e+01
1.306384980801725604e+01
1.314732161872959004e+01
1.323199133882210710e+01
1.331789357154412912e+01
1.340506436051427386e+01
1.349354126498914930e+01
1.358336343974507088e+01
1.367457171988761466e+01
1.376720871092649823e+01
1.386131888447727789e+01
1.395694867997716848e+01
1.405414661282963529e+01
1.415296338942150101e+01
1.425345202948710899e+01
1.435566799632669621e+01
1.445966933542035804e+01
1.456551682201493847e+01
1.467327411829873540e+01
1.478300794081762426e+01
1.489478823882633840e+01
1.500868838430921848e+01
1.512478537444581583e+01
1.524316004733719510e+01
1.536389731184817720e+01
1.548708639245749552e+01
1.561282109004100604e+01
1.574120005954029899e+01
1.587232710548841830e+01
1.600631149637268891e+01
1.614326829880824121e+01
1.628331873247016048e+01
1.642659054668146368e+01
1.657321841947093333e+01
1.672334437979094801e+01
1.687711825340896610e+01
1.703469813274454125e+01
1.719625087059949564e+01
1.736195259730176588e+01
1.753198926022847814e+01
1.770655718396016454e+01
1.788586364840847409e+01
1.807012748110849643e+01
1.825957965841915609e+01
1.845446390856435670e+01
1.865503730719379050e+01
1.886157085335041117e+01
1.907435001028825283e+01
1.929367519135647768e+01
1.951986216599840063e+01
1.975324235462991140e+01
1.999416297355913130e+01
2.024298698196752255e+01
2.050009277205541025e+01
2.076587353052414997e+01
2.104073618440003557e+01
2.132509982662855208e+01
2.161939349680499944e+01
2.192405316995137454e+01
2.223951778176418870e+01
2.256622409302358889e+01
2.290460017025853645e+01
2.325505723655428270e+01
2.361797962898646475e+01
2.399371259252913546e+01
2.438254765129816803e+01
2.478470533582196467e+01
2.520031512131483353e+01
2.562939256060668214e+01
2.607181379189001547e+01
2.652728788084171541e+01
2.699532783026972282e+01
2.747522156045477715e+01
2.796600471553817968e+01
2.846643774585715647e+01
2.897499027875635136e+01
2.948983620670514938e+01
3.000886303990894888e+01
3.052969871974819327e+01
3.104975811554923837e+01
3.156630975058376265e+01
3.207656098354038932e+01
3.257775716036758240e+01
3.306728759849516308e+01
3.354286877359374586e+01
3.400509903526456412e+01
3.445453294768249464e+01
3.489168516321652902e+01
3.531703395513918053e+01
3.573102444051895787e+01
3.613407152131478739e+01
3.652656256892528575e+01
3.690885987496046994e+01
3.728130288877437692e+01
3.764421026029823736e+01
3.799788170492514183e+01
3.834259970559632791e+01
3.867863106580868049e+01
3.900622832598477885e+01
3.932563105450550722e+01
3.963706702368572365e+01
3.994075328006362469e+01
4.023689711756087206e+01
4.052569696134384714e+01
4.080734316956529284e+01
4.108201875958264537e+01
4.134990006472489199e+01
4.161115732720882221e+01
4.186595523237898675e+01
4.211445338906084146e+01
4.235680676046565907e+01
4.259316604976652343e+01
4.282367804417209101e+01
4.304848592105556548e+01
4.326772951944813173e+01
4.348154557997572311e+01
4.369006795610366822e+01
4.389342779935390837e+01
4.409175372097173806e+01
4.428517193234315386e+01
4.447380636629793571e+01
4.465777878127728684e+01
4.483720885019685909e+01
4.501221423569655400e+01
4.518291065333612266e+01
4.534941192417062439e+01
4.551183001802187533e+01
4.567027508865000129e+01
4.582485550192445345e+01
4.597567785799436280e+01
4.612284700836505635e+01
4.626646606870016853e+01
4.640663642808707579e+01
4.654345775542682162e+01
4.667702800353910675e+01
4.680744341150654719e+01
4.693479850572190060e+01
4.705918610004556513e+01
4.718069729542914814e+01
4.729942147931372176e+01
4.741544632506850832e+01
4.752882459191674513e+01
4.763953104593859678e+01
4.774754325745531958e+01
4.785284156223384144e+01
4.795540902290406393e+01
4.805523139049461889e+01
4.815229706599940585e+01
4.824659706189468267e+01
4.833812496353229449e+01
4.842687689034106313e+01
4.851285145677383071e+01
4.859604973294293018e+01
4.867647520489185098e+01
4.875413373445537957e+01
4.882903351866473685e+01
4.890118504865829152e+01
4.897060106806190305e+01
4.903729653080658579e+01
4.910128855835403527e+01
4.916259639630372646e+01
4.922124137035785907e+01
4.927724684162295432e+01
4.933063816122935918e+01
4.938144262425202413e+01
4.942968942291805945e+01
4.947540959908861424e+01
4.951863599600446264e+01
4.955940320928657883e+01
4.959774753718487261e+01
4.963370693006984169e+01
4.966732093916395030e+01
4.969863066451119238e+01
4.972767870218518738e+01
4.975450909073788353e+01
4.977916725689321709e+01
4.980169996049169612e+01
4.982215523869422213e+01
4.984058234945546673e+01
4.985703171427960712e+01
4.987155486027332785e+01
4.988420436151372428e+01
4.989503377975123044e+01
4.990409760447039389e+01
4.991145119233429028e+01
4.991715070604112015e+01
4.992125305262477042e+01
4.992381582123421424e+01
4.992489722042984113e+01
4.992455601503822038e+01
4.992285146261021822e+01
4.991984324953079266e+01
4.991559142683247075e+01
4.991015634576780258e+01
4.990359859320005853e+01
4.989597892687442737e+01
4.988735821063606579e+01
4.987779734966436962e+01
4.986735722579642527e+01
4.985609863301572631e+01
4.984408221318552279e+01
4.983136839210888525e+01
4.981801731600055660e+01
4.980408878845812382e+01
4.978964220802217255e+01
4.977473650641739766e+01
4.975943008756809149e+01
4.974378076748300970e+01
4.972784571510548091e+01
4.971168139422549359e+01
4.969534350655059995e+01
4.967888693603243411e+01
4.966236569454516570e+01
4.964583286901105907e+01
4.962934057006705757e+01
4.961293988236438679e+01
4.959668081659089722e+01
4.958061226330303839e+01
4.956478194865130149e+01
4.954923639207924424e+01
4.953402086607226096e+01
4.951917935802773485e+01
4.950475453431347006e+01
4.949078770657619231e+01
4.947731880035615859e+01
4.946438632605853769e+01
4.945202735232557956e+01
4.944027748184785764e+01
4.942917082964594755e+01
4.941874000384739674e+01
4.940901608897697628e+01
4.940002863177140568e+01
4.939180562952258668e+01
4.938437352094681643e+01
4.937775717957000410e+01
4.937197990961268346e+01
4.936706344435134497e+01
4.936302794692645790e+01
4.935989201356077416e+01
4.935767267914580714e+01
4.935638542514793414e+01
4.935604418978031305e+01
4.935666138038133965e+01
4.935824788793529194e+01
4.936081310366625985e+01
4.936436493763211075e+01
4.936890983924132570e+01
4.937445281961201005e+01
4.938099747568934816e+01
4.938854601603487282e+01
4.939709928819885221e+01
4.940665680758493039e+01
4.941721678771495618e+01
4.942877617180045746e+01
4.944133066552686273e+01
4.945487477095602458e+01
4.946940182145257836e+01
4.948490401754023083e+01
4.950137246359457066e+01
4.951879720528005180e+01
4.953716726764024969e+01
4.955647069375177693e+01
4.957669458385433359e+01
4.959782513487127176e+01
4.961984768023735626e+01
4.964274672995291127e+01
4.966650601078595884e+01
4.969110850654696776e+01
4.971653649836360955e+01
4.974277160488568938e+01
4.976979482235388730e+01
4.979758656446868770e+01
4.982612670199920046e+01
4.985539460207490947e+01
4.988536916710613411e+01
4.991602887328282634e+01
4.994735180860381263e+01
4.997931571039234910e+01
5.001189800225648696e+01
5.004507583045599972e+01
5.007882609964060094e+01
5.011312550792702325e+01
5.014795058128530059e+01
5.018327770720745207e+01
5.021908316763428104e+01
5.025534317111857519e+01
5.029203388420543774e+01
5.032913146201284604e+01
5.036661207799757278e+01
5.040445195289397873e+01
5.044262738281503289e+01
5.048111476650675655e+01
5.051989063174926997e+01
5.055893166089909130e+01
5.059821471556912087e+01
5.063771686044398024e+01
5.067741538623004516e+01
5.071728783174047805e+01
5.075731200511705055e+01
5.079746600419143476e+01
5.083772823598972224e+01
5.087807743538489547e+01
5.091849268290282282e+01
5.095895342168803666e+01
5.099943947363640717e+01
5.103993105470235037e+01
5.108040878938879814e+01
5.112085372442886921e+01
5.116124734166820076e+01
5.120157157015795946e+01
5.124180879746831607e+01
5.128194188023280020e+01
5.132195415393431404e+01
5.136182944194355571e+01
5.140155206382106456e+01
5.144110684289422863e+01
5.148047911312067981e+01
5.151965472524969414e+01
5.155862005229344902e+01
5.159736199431981873e+01
5.163586798257883714e+01
5.167412598297459425e+01
5.171212449889488738e+01
5.174985257341047884e+01
5.178729979085638746e+01
5.182445627780715114e+01
5.186131270345848066e+01
5.189786027942743374e+01
5.193409075898350125e+01
5.196999643572278416e+01
5.200557014169772430e+01
5.204080524501470251e+01
5.207569564691183217e+01
5.211023577832950338e+01
5.214442059598604828e+01
5.217824557797102614e+01
5.221170671886874004e+01
5.224480052442451949e+01
5.227752400576642344e+01
5.230987467319506834e+01
5.234185052955436390e+01
5.237345006319592500e+01
5.240467224055009865e+01
5.243551649831658068e+01
5.246598273528759648e+01
5.249607130381692599e+01
5.252578300094769759e+01
5.255511905921262183e+01
5.258408113711968213e+01
5.261267130933698866e+01
5.264089205659026760e+01
5.266874625528662790e+01
5.269623716687838311e+01
5.272336842698070569e+01
5.275014403425706888e+01
5.277656833908644529e+01
5.280264603202638085e+01
5.282838213208602696e+01
5.285378197482341989e+01
5.287885120028126096e+01
5.290359574077556459e+01
5.292802180855154148e+01
5.295213588332123322e+01
5.297594469969725850e+01
5.299945523453727958e+01
5.302267469421361312e+01
5.304561050182259407e+01
5.306827028434809534e+01
5.309066185979372676e+01
5.311279322429820837e+01
5.313467253924821421e+01
5.315630811840306080e+01
5.317770841504549395e+01
5.319888200917273480e+01
5.321983759474175457e+01
5.324058396698271167e+01
5.326113000979436407e+01
5.328148468323499287e+01
5.330165701112220944e+01
5.332165606875495456e+01
5.334149097077060730e+01
5.336117085914997915e+01
5.338070489138270602e+01
5.340010222880520274e+01
5.341937202512325200e+01
5.343852341513073867e+01
5.345756550363581283e+01
5.347650735460560156e+01
5.349535798053990732e+01
5.351412633208422420e+01
5.353282128789185634e+01
5.355145164474460273e+01
5.357002610794101827e+01
5.358855328196081302e+01
5.360704166141354676e+01
5.362549962227930678e+01
5.364393541344848870e+01
5.366235714856754413e+01
5.368077279819688385e+01
5.369919018228652163e+01
5.371761696297502908e+01
5.373606063771613606e+01
5.375452853273758080e+01
5.377302779683551393e+01
5.379156539550798755e+01
5.381014810542987448e+01
5.382878250927159058e+01
5.384747499086297751e+01
5.386623173070366022e+01
5.388505870182021340e+01
5.390396166597038530e+01
5.392294617019371827e+01
5.394201754370774182e+01
5.396118089514816774e+01
5.398044111015122581e+01
5.399980284927555374e+01
5.401927054626093394e+01
5.403884840662033895e+01
5.405854040656154780e+01
5.407835029223410572e+01
5.409828157929693759e+01
5.411833755280152758e+01
5.413852126738527915e+01
5.415883554776910103e+01
5.417928298955322930e+01
5.419986596030447856e+01
5.422058660092833549e+01
5.424144682731855482e+01
5.426244833227688957e+01
5.428359258769523166e+01
5.430488084699211271e+01
5.432631414779550738e+01
5.434789331486332031e+01
5.436961896323317234e+01
5.439149150159247625e+01
5.441351113585999144e+01
5.443567787296972682e+01
5.445799152484795513e+01
5.448045171257405173e+01
5.450305787071575736e+01
5.452580925182939353e+01
5.454870493111553031e+01
5.457174381122048601e+01
5.459492462717423678e+01
5.461824595145501604e+01
5.464170619917115346e+01
5.466530363335063925e+01
5.468903637032889975e+01
5.471290238522536953e+01
5.473689951749956606e+01
5.476102547657748687e+01
5.478527784753897123e+01
5.480965409685724410e+01
5.483415157818156160e+01
5.485876753815425388e+01
5.488349912225355354e+01
5.490834338065367604e+01
5.493329727409390983e+01
5.495835767974854491e+01
5.498352139708965325e+01
5.500878515373509003e+01
5.503414561127392801e+01
5.505959937106216273e+01
5.508514297998138431e+01
5.511077293615356609e+01
5.513648569460513471e+01
5.516227767287387707e+01
5.518814525655237446e+01
5.521408480476193859e+01
5.524009265555108783e+01
5.526616513121312124e+01
5.529229854351735440e+01
5.531848919884885873e+01
5.534473340325181567e+01
5.537102746737190273e+01
5.539736771129319237e+01
5.542375046926538573e+01
5.545017209431754424e+01
5.547662896275443956e+01
5.550311747853213262e+01
5.552963407750959135e+01
5.555617523157317095e+01
5.558273745263130650e+01
5.560931729647681010e+01
5.563591136651441360e+01
5.566251631735151051e+01
5.568912885825006498e+01
5.571574575643821703e+01
5.574236384027991420e+01
5.576898000230141150e+01
5.579559120207361644e+01
5.582219446894936965e+01
5.584878690465505002e+01
5.587536568573599993e+01
5.590192806585564256e+01
5.592847137794801426e+01
5.595499303622402465e+01
5.598149053803162900e+01
5.600796146557033950e+01
5.603440348746084254e+01
5.606081436017041852e+01
5.608719192929513042e+01
5.611353413070000329e+01
5.613983899151831025e+01
5.616610463101157791e+01
5.619232926129169670e+01
5.621851118790696944e+01
5.624464881029391705e+01
5.627074062209673855e+01
5.629678521135662805e+01
5.632278126057313727e+01
5.634872754663984296e+01
5.637462294065689861e+01
5.640046640762286501e+01
5.642625700600867589e+01
5.645199388721626121e+01
5.647767629492487629e+01
5.650330356432793621e+01
5.652887512126341818e+01
5.655439048124092949e+01
5.657984924836861751e+01
5.660525111418309763e+01
5.663059585638578852e+01
5.665588333748888061e+01
5.668111350337454013e+01
5.670628638177059599e+01
5.673140208064636170e+01
5.675646078653207383e+01
5.678146276276557103e+01
5.680640834766975900e+01
5.683129795266453499e+01
5.685613206031686673e+01
5.688091122233257124e+01
5.690563605749368747e+01
5.693030724954488875e+01
5.695492554503280758e+01
5.697949175110194631e+01
5.700400673325072631e+01
5.702847141305154821e+01
5.705288676583835894e+01
5.707725381836546319e+01
5.710157364644116029e+01
5.712584737253980194e+01
5.715007616339585184e+01
5.717426122758342188e+01
5.719840381308483757e+01
5.722250520485159342e+01
5.724656672236118737e+01
5.727058971717310243e+01
5.729457557048722549e+01
5.731852569070798609e+01
5.734244151101736975e+01
5.736632448695988273e+01
5.739017609404248788e+01
5.741399782535262375e+01
5.743779118919694326e+01
5.746155770676387675e+01
5.748529890981255619e+01
5.750901633839084326e+01
5.753271153858498366e+01
5.755638606030348825e+01
5.758004145509752192e+01
5.760367927402013777e+01
5.762730106552661624e+01
5.765090837341804075e+01
5.767450273483002832e+01
5.769808567826875390e+01
5.772165872169588852e+01
5.774522337066428435e+01
5.776878111650615466e+01
5.779233343457505612e+01
5.781588178254327204e+01
5.783942759875591832e+01
5.786297230064299413e+01
5.788651728319045020e+01
5.791006391747134785e+01
5.793361354923810325e+01
5.795716749757656316e+01
5.798072705362258006e+01
5.800429347934192492e+01
5.802786800637381504e+01
5.805145183493866057e+01
5.807504613281027162e+01
5.809865203435283831e+01
5.812227063962267692e+01
5.814590301353495505e+01
5.816955018509525388e+01
5.819321314669581113e+01
5.821689285347629550e+01
5.824059022274871467e+01
5.826430613348613008e+01
5.828804142587461001e+01
5.831179690092791645e+01
5.833557332016428632e+01
5.835937140534457512e+01
5.838319183827086079e+01
5.840703526064490347e+01
5.843090227398520398e+01
5.845479343960190022e+01
5.847870927862835799e+01
5.850265027210824087e+01
5.852661686113709294e+01
5.855060944705688541e+01
5.857462839170254654e+01
5.859867401769892581e+01
5.862274660880684962e+01
5.864684641031691115e+01
5.867097362948937445e+01
5.869512843603882857e+01
5.871931096266196448e+01
5.874352130560685481e+01
5.876775952528225844e+01
5.879202564690518074e+01
5.881631966118504806e+01
5.884064152504296175e+01
5.886499116236407758e+01
5.888936846478166132e+01
5.891377329249090167e+01
5.893820547509081109e+01
5.896266481245256585e+01
5.898715107561231719e+01
5.901166400768700271e+01
5.903620332481116151e+01
5.906076871709320386e+01
5.908535984958925269e+01
5.910997636329295091e+01
5.913461787613942278e+01
5.915928398402174793e+01
5.918397426181825693e+01
5.920868826442893607e+01
5.923342552781930692e+01
5.925818557007021781e+01
5.928296789243184151e+01
5.930777198038035891e+01
5.933259730467577953e+01
5.935744332241937116e+01
5.938230947810913563e+01
5.940719520469205150e+01
5.943209992461139990e+01
5.945702305084806483e+01
5.948196398795412421e+01
5.950692213307785039e+01
5.953189687697830124e+01
5.955688760502881962e+01
5.958189369820777159e+01
5.960691453407567053e+01
5.963194948773743675e+01
5.965699793278879071e+01
5.968205924224561443e+01
5.970713278945551394e+01
5.973221794899047410e+01
5.975731409751971057e+01
5.978242061466206536e+01
5.980753688381681599e+01
5.983266229297250760e+01
5.985779623549279194e+01
5.988293811087879703e+01
5.990808732550735982e+01
5.993324329334450340e+01
5.995840543663371136e+01
5.998357318655845205e+01
6.000874598387859038e+01
6.003392327954024665e+01
6.005910453525876136e+01
6.008428922407451722e+01
6.010947683088132720e+01
6.013466685292717528e+01
6.015985880028716792e+01
6.018505219630858250e+01
6.021024657802784930e+01
6.023544149655964475e+01
6.026063651745771210e+01
6.028583122104793546e+01
6.031102520273328338e+01
6.033621807327111952e+01
6.036140945902273813e+01
6.038659900217555787e+01
6.041178636093800236e+01
6.043697120970747960e+01
6.046215323921165208e+01
6.048733215662335283e+01
6.051250768564958094e+01
6.053767956659481086e+01
6.056284755639918416e+01
6.058801142865195288e+01
6.061317097358057282e+01
6.063832599801617818e+01
6.066347632533566525e+01
6.068862179538112400e+01
6.071376226435712198e+01
6.073889760470642329e+01
6.076402770496474659e+01
6.078915246959522278e+01
6.081427181880312816e+01
6.083938568833156779e+01
6.086449402923884122e+01
6.088959680765812976e+01
6.091469400454013794e+01
6.093978561537948480e+01
6.096487164992554852e+01
6.098995213187846787e+01
6.101502709857102502e+01
6.104009660063714904e+01
6.106516070166780707e+01
6.109021947785503670e+01
6.111527301762481557e+01
6.114032142125951452e+01
6.116536480051082947e+01
6.119040327820373193e+01
6.121543698783232657e+01
6.124046607314836166e+01
6.126549068774301787e+01
6.129051099462282792e+01
6.131552716578048745e+01
6.134053938176108289e+01
6.136554783122470980e+01
6.139055271050602158e+01
6.141555422317141932e+01
6.144055257957467120e+01
6.146554799641155853e+01
6.149054069627417363e+01
6.151553090720566530e+01
6.154051886225595780e+01
6.156550479903909689e+01
6.159048895929280576e+01
6.161547158844096117e+01
6.164045293515943769e+01
6.166543325094595929e+01
6.169041278969444164e+01
6.171539180727452845e+01
6.174037056111653499e+01
6.176534930980260896e+01
6.179032831266436432e+01
6.181530782938755664e+01
6.184028811962426175e+01
6.186526944261277094e+01
6.189025205680591313e+01
6.191523621950796041e+01
6.194022218652052914e+01
6.196521021179783162e+01
6.199020054711164818e+01
6.201519344172615433e+01
6.204018914208309354e+01
6.206518789149740911e+01
6.209018992986359819e+01
6.211519549337305079e+01
6.214020481424248743e+01
6.216521812045380102e+01
6.219023563550528166e+01
6.221525757817455826e+01
6.224028416229319305e+01
6.226531559653312797e+01
6.229035208420504688e+01
6.231539382306871744e+01
6.234044100515529863e+01
6.236549381660167768e+01
6.239055243749686497e+01
6.241561704174034730e+01
6.244068779691245652e+01
6.246576486415666807e+01
6.249084839807373015e+01
6.251593854662759497e+01
6.254103545106300999e+01
6.256613924583466257e+01
6.259125005854783552e+01
6.261636800991023932e+01
6.264149321369507817e+01
6.266662577671502277e+01
6.269176579880696920e+01
6.271691337282740619e+01
6.274206858465816339e+01
6.276723151322226357e+01
6.279240223050976510e+01
6.281758080161326063e+01
6.284276728477280471e+01
6.286796173143008559e+01
6.289316418629138639e+01
6.291837468739932859e+01
6.294359326621287209e+01
6.296881994769541535e+01
6.299405475041065472e+01
6.301929768662596132e+01
6.304454876242282779e+01
6.306980797781428549e+01
6.309507532686875919e+01
6.312035079784021008e+01
6.314563437330417628e+01
6.317092603029931297e+01
6.319622574047431129e+01
6.322153347023963477e+01
6.324684918092393815e+01
6.327217282893467853e+01
6.329750436592277651e+01
6.332284373895075191e+01
6.334819089066432696e+01
6.337354575946685031e+01
6.339890827969649933e+01
6.342427838180567079e+01
6.344965599254255295e+01
6.347504103513424667e+01
6.350043342947139280e+01
6.352583309229383701e+01
6.355123993737711174e+01
6.357665387571939419e+01
6.360207481572868460e+01
6.362750266340991345e+01
6.365293732255165082e+01
6.367837869491227565e+01
6.370382668040517160e+01
6.372928117728280739e+01
6.375474208231942441e+01
6.378020929099202618e+01
6.380568269765957723e+01
6.383116219573999928e+01
6.385664767788488660e+01
6.388213903615162792e+01
6.390763616217285659e+01
6.393313894732285263e+01
6.395864728288089651e+01
6.398416106019122651e+01
6.400968017081957839e+01
6.403520450670605157e+01
6.406073396031409573e+01
6.408626842477566754e+01
6.411180779403225927e+01
6.413735196297167818e+01
6.416290082756053437e+01
6.418845428497228056e+01
6.421401223371067601e+01
6.423957457372871716e+01
6.426514120654277917e+01
6.429071203534194012e+01
6.431628696509255860e+01
6.434186590263783501e+01
6.436744875679251265e+01
6.439303543843254829e+01
6.441862586057968088e+01
6.444421993848111185e+01
6.446981758968395582e+01
6.449541873410477422e+01
6.452102329409389370e+01
6.454663119449480746e+01
6.457224236269838968e+01
6.459785672869226403e+01
6.462347422510495676e+01
6.464909478724536029e+01
6.467471835313705242e+01
6.470034486354791170e+01
6.472597426201483017e+01
6.475160649486382169e+01
6.477724151122531282e+01
6.480287926304494306e+01
6.482851970508977502e+01
6.485416279495017022e+01
6.487980849303725961e+01
6.490545676257613650e+01
6.493110756959501373e+01
6.495676088291024541e+01
6.498241667410745492e+01
6.500807491751885436e+01
6.503373559019678396e+01
6.505939867188374137e+01
6.508506414497895776e+01
6.511073199450149218e+01
6.513640220805029912e+01
6.516207477576099905e+01
6.518774969025989208e+01
6.521342694661495898e+01
6.523910654228437522e+01
6.526478847706218289e+01
6.529047275302184516e+01
6.531615937445731390e+01
6.534184834782197981e+01
6.536753968166573259e+01
6.539323338656996043e+01
6.541892947508097222e+01
6.544462796164175700e+01
6.547032886252227968e+01
6.549603219574849788e+01
6.552173798103017077e+01
6.554744623968761630e+01
6.557315699457750213e+01
6.559887027001801130e+01
6.562458609171315516e+01
6.565030448667673113e+01
6.567602548315578304e+01
6.570174911055380562e+01
6.572747539935390648e+01
6.575320438104172638e+01
6.577893608802871483e+01
6.580467055357540573e+01
6.583040781171511924e+01
6.585614789717803319e+01
6.588189084531586559e+01
6.590763669202715391e+01
6.593338547368325919e+01
6.595913722705527960e+01
6.598489198924181665e+01
6.601064979759782148e+01
6.603641068966453531e+01
6.606217470310065210e+01
6.608794187561471745e+01
6.611371224489890608e+01
6.613948584856427715e+01
6.616526272407735121e+01
6.619104290869854879e+01
6.621682643942190793e+01
6.624261335291677710e+01
6.626840368547105697e+01
6.629419747293630394e+01
6.631999475067469518e+01
6.634579555350777014e+01
6.637159991566717565e+01
6.639740787074740069e+01
6.642321945166027319e+01
6.644903469059177326e+01
6.647485361896063694e+01
6.650067626737914850e+01
6.652650266561589376e+01
6.655233284256077297e+01
6.657816682619187532e+01
6.660400464354466976e+01
6.662984632068312862e+01
6.665569188267311063e+01
6.668154135355767664e+01
6.670739475633463655e+01
6.673325211293615666e+01
6.675911344421034244e+01
6.678497876990493864e+01
6.681084810865314694e+01
6.683672147796129082e+01
6.686259889419862645e+01
6.688848037258901513e+01
6.691436592720452836e+01
6.694025557096108514e+01
6.696614931561580875e+01
6.699204717176628776e+01
6.701794914885157084e+01
6.704385525515507993e+01
6.706976549780901564e+01
6.709567988280063844e+01
6.712159841497997093e+01
6.714752109806927649e+01
6.717344793467397324e+01
6.719937892629499743e+01
6.722531407334264486e+01
6.725125337515180490e+01
6.727719682999845929e+01
6.730314443511753097e+01
6.732909618672185559e+01
6.735505208002240352e+01
6.738101210924956774e+01
6.740697626767548911e+01
6.743294454763734791e+01
6.745891694056169285e+01
6.748489343698952325e+01
6.751087402660228065e+01
6.753685869824855104e+01
6.756284743997144915e+01
6.758884023903677019e+01
6.761483708196155362e+01
6.764083795454330073e+01
6.766684284188963261e+01
6.769285172844837462e+01
6.771886459803798175e+01
6.774488143387826256e+01
6.777090221862145825e+01
6.779692693438332185e+01
6.782295556277456683e+01
6.784898808493227307e+01
6.787502448155133550e+01
6.790106473291598377e+01
6.792710881893123087e+01
6.795315671915412281e+01
6.797920841282494564e+01
6.800526387889824775e+01
6.803132309607353534e+01
6.805738604282574045e+01
6.808345269743534800e+01
6.810952303801823859e+01
6.813559704255500549e+01
6.816167468891991632e+01
6.818775595490939168e+01
6.821384081826997203e+01
6.823992925672570209e+01
6.826602124800506033e+01
6.829211676986712121e+01
6.831821580012727679e+01
6.834431831668216262e+01
6.837042429753394401e+01
6.839653372081389193e+01
6.842264656480534768e+01
6.844876280796576395e+01
6.847488242894809218e+01
6.850100540662137405e+01
6.852713172009056564e+01
6.855326134871546628e+01
6.857939427212895112e+01
6.860553047025427986e+01
6.863166992332159566e+01
6.865781261188359963e+01
