Angle,Force,Torque,Force_smooth,Torque_smooth
0.0,0.0,0.0,0.0,0.0
0.11331827875214984,0.0221148637538277,0.889644,0.0073716212512758995,0.296548
0.22658861654282259,0.022110142526215123,0.889644,0.01228446167625564,0.49424666666666667
0.3398101589699163,0.04421067395076623,1.779288,0.022926532434425835,0.9225937777777777
0.4812671705571159,0.06629763513836538,2.668932,0.03738356666907235,1.5047065185185184
0.5943758112750279,0.06628265115415397,2.668932,0.04701659483076622,1.8927816790123457
0.7356890120014627,0.08835142378146173,3.558576,0.06079487114766473,2.4480464526748973
0.8486804635224692,0.08833069220988593,3.558576,0.06997347816840513,2.818222968449932
0.9333890194285788,0.11039365581230688,4.448220000000001,0.08344687071637238,3.361555312299955
1.0745021678946856,0.1324323440657715,5.337864,0.09977536183283876,4.0203248748666365
1.1873307451068245,0.13239974937817792,5.337864,0.11065015768128515,4.459504583244424
1.3001033594323843,0.15442776744607278,6.227508,0.1252426942695477,5.048839055496283
1.4128191793867586,0.15438858225624882,6.227508,0.13495799026511476,5.441728703664189
1.55363282473464,0.176387188007112,7.117152,0.14876772284578052,6.000203135776126
1.6662178307377493,0.17634092338928029,7.117152,0.1579587896936138,6.372519423850751
1.7787433581458147,0.19833075323461616,8.006796,0.17141611087394792,6.917278282567168
1.863097977357132,0.1982906809029165,8.006796,0.18037430088360412,7.280450855044779
2.003612699030726,0.2202477507672176,8.896440000000002,0.19366545084480863,7.819113903363187
2.1159548803106274,0.24220531794822145,9.786084,0.20984540654594624,8.474770602242124
2.2282343186664173,0.24213721720860842,9.786084,0.22060934343350033,8.911875068161416
2.340450205021047,0.26407442830522676,10.675728,0.23509770505740915,9.499826045440944
2.6207065972787182,0.28587220672626706,11.565372,0.2520225389470285,10.188341363627297
2.7047032055956093,0.3077936689326421,12.455016,0.2706129156088997,10.943899575751532
2.900548241433305,0.30763090260937465,12.455016,0.28295224460905805,11.447605050501021
2.928509116241183,0.32957932622393454,13.34466,0.2984946051473502,12.079956700334014
3.040309653030776,0.32947773151816634,13.34466,0.3088223139376223,12.501524466889343
3.319505960196543,0.3511664476288455,14.234304,0.32293702516803,13.079117644592896
3.4031785275470225,0.35108196906969236,14.234304,0.3323186731352508,13.464179763061932
3.5146790091893765,0.3729037453312938,15.123948,0.34584703053393184,14.017435842041289
3.6539523669896843,0.3727508140132573,15.123948,0.3548149583603737,14.386273228027527
3.7652883185614057,0.37262697568800707,15.123948,0.3607522974695848,14.63216481868502
3.8487415167155357,0.39444694790224827,16.013592,0.371983847613806,15.092640545790013
3.9599468139526293,0.3943133766337592,16.013592,0.3794270239537904,15.39962436386001
4.098846882873562,0.4160413683422334,16.903236,0.39163180541660475,15.90082824257334
4.209880772623213,0.4158970748097958,16.903236,0.3997202285476685,16.23496416171556
4.320837254068247,0.4376329701175748,17.792880000000004,0.4123578090709706,16.75426944114371
4.459422857532611,0.4374390366249755,17.792880000000004,0.42071821825563893,17.100472960762474
4.570202431703664,0.4591462823693394,18.682524,0.4335275729602058,17.627823307174985
4.708564545093176,0.4589381562021864,18.682524,0.4419977673741994,17.979390204783325
4.819163451856885,0.4587698670775869,18.682524,0.4475884672753286,18.21376813652222
4.929680865351858,0.48043808938597815,19.572168,0.45853834131221183,18.666568091014813
5.012515005378256,0.4803035328193167,19.572168,0.46579340514791345,18.96843472734321
5.122888047757981,0.4801226818382534,19.572168,0.4705698307113601,19.169679151562143
5.260736849542849,0.5017076861948238,20.461812,0.48094911587251465,19.60039010104143
5.370921011031871,0.5015147589798931,20.461812,0.4878043302416408,19.88753073402762
5.481020057616655,0.5231166555471501,21.351456,0.4995751053434773,20.37550582268508
5.646007477152074,0.5228086974930102,21.351456,0.5073196360599883,20.70082254845672
5.700959955514485,0.5444845449469796,22.2411,0.5197079390223188,21.214248365637815
5.83824553508724,0.5442129234903043,22.2411,0.527876267178314,21.556532243758543
5.920550878680216,0.5658105263440719,23.130744,0.5405210202335667,22.08126949583903
6.057615498686826,0.565523308927883,23.130744,0.5488551164650055,22.431094330559354
6.1671665560824485,0.5652914187170658,23.130744,0.5543338838823589,22.66431088703957
6.27662740870685,0.586790642124786,24.020388,0.5651528032965013,23.116336591359715
6.3859973698918315,0.5865459504442372,24.020388,0.5722838523457466,23.417687060906477
6.522580965325434,0.6079498684525974,24.910032,0.5841725243813636,23.91513537393765
6.631743929798845,0.6076916229372612,24.910032,0.5920122238999962,24.2467675826251
6.740813797427166,0.6074313945672439,24.910032,0.5971519474557455,24.46785572175007
6.877019193523373,0.6071033332125706,24.910032,0.6004690760413539,24.615247814500048
6.9858771478565975,0.6285114832350747,25.799675999999998,0.6098165451059275,25.010057209666698
7.067458134219641,0.6283045693545012,25.799675999999998,0.6159792198554521,25.273263473111133
7.203306613899426,0.6279571903975028,25.799675999999998,0.6199718767028024,25.44873431540742
7.3118768139071255,0.6276770267506991,25.799675999999998,0.6225402600521014,25.56571487693828
7.420349790653508,0.649029168858636,26.68932,0.6313698963209463,25.940249917958855
7.528724898134663,0.6487352157881322,26.68932,0.6371583361433416,26.189939945305905
7.772207736357788,0.6696685488032871,27.578964,0.6479950736966568,26.652947963537272
7.7992302852318085,0.6695910941590495,27.578964,0.655193747184121,26.961619975691516
7.880260355299579,0.6693579450739572,27.578964,0.6599151464807331,27.16740131712768
7.961233854459441,0.6691236213941824,27.578964,0.6629846381185496,27.304588878085124
8.096063257094428,0.6687304826951956,27.578964,0.6648999196440983,27.39604725205675
8.203812293946545,0.6468519128184917,26.68932,0.6588839173688962,27.160471501371166
8.419002454932127,0.6677737961145357,27.578964,0.6618472102841094,27.299969000914114
8.55328606600104,0.6673697432083344,27.578964,0.6636880545921845,27.392967333942746
8.660595549942148,0.6670442188410066,27.578964,0.6648067760084586,27.4549662226285
8.767800024147263,0.6667166766186361,27.578964,0.6654434095451844,27.49629881508567
8.848134108802629,0.6879687242903293,28.468608,0.6729518477935661,27.820401876723782
8.981891565648219,0.6875412418340178,28.468608,0.6778149791403834,28.036470584482522
9.08877745441464,0.7086718505750671,29.358252,0.6881006029519446,28.477064389655016
9.222233762914506,0.7296864373652402,30.247896,0.7019625477563766,29.067341593103347
9.328877262848597,0.7293157565795412,30.247896,0.7110802840307648,29.460859728735567
9.435412099340443,0.7289429307411681,30.247896,0.7170344996008993,29.72320515249038
9.541837702870193,0.72856797086593,30.247896,0.7208789900225762,29.898102101660257
9.674715237571814,0.706681690193285,29.358252,0.7161465567461458,29.718152067773506
9.7808930063056,0.7063131374401967,29.358252,0.7128687503108295,29.598185378515673
9.86045348326984,0.7060353859534099,29.358252,0.7105909621916897,29.518207585677118
9.966436543515563,0.727047012407892,30.247896,0.7160763122637572,29.76143705711808
10.098757780090384,0.7265648592811583,30.247896,0.719572494602891,29.92359003807872
10.204488035625555,0.7475349547306047,31.137539999999998,0.7288933146454623,30.328240025385814
10.415608302585778,0.7467297068589311,31.137539999999998,0.7348387787166186,30.598006683590544
10.54732656373815,0.7675428083517829,32.027184,0.74574012192834,31.074399122393697
10.6525718929155,0.7671227787053347,32.027184,0.7528676741873384,31.3919940815958
10.888950872818299,0.7661699672651978,32.027184,0.7573017718799583,31.6037240543972
10.967612937424438,0.765849998511574,32.027184,0.7601511807571636,31.744877369598136
11.072393262926678,0.7866832578566466,32.916827999999995,0.7689952064569914,32.13552757973209
11.177056066918627,0.7862407734955652,32.916827999999995,0.7747437288031828,32.39596105315473
11.281600849693113,0.7857961689462241,32.916827999999995,0.7784278755175299,32.56958336876982
11.412115106462988,0.7852374507418297,32.916827999999995,0.7806977339256299,32.68533157917988
11.516392536563728,0.784788121387091,32.916827999999995,0.7820611964127836,32.762497052786586
11.646571057993715,0.7418330752865583,31.137539999999998,0.7686518227040419,32.22084470185772
11.750578675948464,0.741403624509621,31.137539999999998,0.7595690899725683,31.859743134571815
11.828505210364415,0.7410802623276862,31.137539999999998,0.7534061474242744,31.61900875638121
11.958231360251816,0.7616971680274098,32.027184,0.7561698209586529,31.755067170920807
12.061875487040009,0.7612494961124825,32.027184,0.7578630460099295,31.845772780613874
12.1653975176783,0.7819331945673886,32.916827999999995,0.765886428862416,32.20279118707592
12.268796993085658,0.7814690726596754,32.916827999999995,0.7710806434615025,32.44080345805061
12.39787330159692,0.7808861255623163,32.916827999999995,0.7743491374951071,32.59947830536707
12.500995371384601,0.738232815215825,31.137539999999998,0.7623103634020132,32.112165536911384
12.603993423478894,0.7377877116929312,31.137539999999998,0.7541361461656526,31.787290357940922
12.73256591743969,0.7372287433194313,31.137539999999998,0.7485003452169122,31.57070690529395
12.809615715264098,0.7579460473702855,32.027184,0.75164891260137,31.722865936862636
13.014736701040913,0.7570172540905707,32.027184,0.753438359764437,31.82430529124176
13.040341405726721,0.7779256515153166,32.916827999999995,0.7616007903480635,32.18847952749451
13.142681230737672,0.7774450315839067,32.916827999999995,0.7668822040933446,32.43126235166301
13.244894352514795,0.7979615182631681,33.806472,0.7772419754832858,32.88966556777534
13.346980356837175,0.7974640585672043,33.806472,0.783982669844592,33.19526771185023
13.448938833741895,0.7969646934289099,33.806472,0.7883100110393646,33.39900247456682
13.525323757333641,0.8175517934822011,34.696116,0.7980572718536435,33.83137364971122
13.677877040092092,0.8167772285876366,34.696116,0.8042972574316413,34.11962109980748
13.754045064110848,0.8163883300409583,34.696116,0.8083276149680804,34.311786066538325
13.880830283504405,0.794821437508907,33.806472,0.8038255558150226,34.14334804435889
13.982112684012478,0.8152152378792016,34.696116,0.8076221165030824,34.3276040295726
14.083265091051246,0.8146908128298082,34.696116,0.809978348611991,34.450441353048404
14.18428712540026,0.8141645293870214,34.696116,0.8113737422036679,34.53233290203227
14.310380760851967,0.7509268450532683,32.027184,0.7912247764868681,33.697283268021515
14.411108091969126,0.7295917518308674,31.137539999999998,0.7706804349348679,32.844035512014344
14.51170384703822,0.72911410894164,31.137539999999998,0.7568249929371254,32.27520367467623
14.587064099037697,0.7495763813230185,32.027184,0.7544087890657565,32.19253044978415
14.71249918790097,0.7489583847354814,32.027184,0.7525919876223315,32.13741496652277
14.81269806360276,0.7692527584862705,32.916827999999995,0.7581455779103112,32.39721931101518
14.937759591784054,0.768612877908631,32.916827999999995,0.7616346779097511,32.570422207343455
15.037658741819786,0.7058208040332132,30.247896,0.7430300532842385,31.796246804895638
15.187256551157766,0.7258483354953288,31.137539999999998,0.7373028140212686,31.576677869930425
15.23705540938063,0.7256035976827307,31.137539999999998,0.7334030752417561,31.430298579953618
15.36140542991922,0.7249900833404647,31.137539999999998,0.7305987446079923,31.332712386635745
15.460733781637707,0.7451974971643125,32.027184,0.7354649954600991,31.56420292442383
15.53514136281759,0.7448165407106986,32.027184,0.738582177210299,31.71852994961589
15.63423297234863,0.7649824567837258,32.916827999999995,0.7473822704014412,32.117962633077255
15.757906598204084,0.76432596496729,32.916827999999995,0.7530301685900576,32.38425108871817
15.85669241222568,0.7637990257069351,32.916827999999995,0.7566197876290168,32.561776725812116
15.955341818083458,0.7632705482621428,32.916827999999995,0.7588367078400589,32.68012715054141
16.053854514451913,0.7833551545436847,33.806472,0.7670095234079342,33.05557543369427
16.176802684725967,0.7826725615219592,33.806472,0.7722305361126092,33.30587428912952
16.27500670407494,0.7821247558519878,33.806472,0.7755286093590688,33.472740192753015
16.348569394320197,0.7817129001509974,33.806472,0.777590039623045,33.58398412850201
16.446532320675015,0.6989348096056467,30.247896,0.7513716296172456,32.471954752334675
16.568791665155445,0.657239781541502,28.468608,0.719994346925331,31.137505834889787
16.666443352890838,0.6567733997480087,28.468608,0.6989206978662237,30.24787322325986
16.76395626751842,0.6768153325406415,29.358252,0.6915522427576963,29.951332815506575
16.885651853083942,0.6967019899014746,30.247896,0.6932688251389558,30.050187210337718
16.982851554080284,0.716678751669317,31.137539999999998,0.7010721339824096,30.412638140225145
17.10415479582533,0.7160338065557665,31.137539999999998,0.7060593581735286,30.65427209348343
17.201039971187264,0.7359597070775142,32.027184,0.7160261411415239,31.111909395655623
17.29778494799638,0.7558546738650846,32.916827999999995,0.7293023187160441,31.71354893043708
17.370251526951154,0.7554425156448428,32.916827999999995,0.7380157176923103,32.11464195362472
17.490853324400007,0.7751526607882948,33.806472,0.7503946987243052,32.67858530241648
17.659325807941123,0.7537863688596501,32.916827999999995,0.751525255436087,32.75799953494432
17.68335800093472,0.7129101005767591,31.137539999999998,0.7386535371496444,32.21784635662954
17.77939836746829,0.6513235146524508,28.468608,0.7095435296505799,30.96810023775303
17.947128105320658,0.6911358713432855,30.247896,0.7034076435481484,30.728032158502025
17.99497106044392,0.6908793934671154,30.247896,0.6992315601878041,30.567986772334685
18.090550357333953,0.71067043657375,31.137539999999998,0.7030445189831194,30.757837848223122
18.162141437850607,0.7102729536159914,31.137539999999998,0.7054539971940768,30.884405232148747
18.28128175187504,0.6893344699453489,30.247896,0.7000808214445008,30.67223548809917
18.37643343187576,0.6482985615966741,28.468608,0.6828200681618919,29.937692992066115
18.49517198453541,0.6274482879222846,27.578964,0.6643628080820229,29.151449994710745
18.566307741500598,0.6270929651785132,27.578964,0.6519395271141863,28.627287996473832
18.684688114386315,0.646709175002891,28.468608,0.6501960764104213,28.57439466431589
18.77923089768991,0.6664122624378062,29.358252,0.655601471752883,28.835680442877262
18.87362990893064,0.665904648152945,29.358252,0.659035863886237,29.009870961918175
18.99142621413755,0.6652686839914004,29.358252,0.6611134705879582,29.12599797461212
19.0619958844269,0.6850344130574975,30.247896,0.6690871180778046,29.49996398307475
19.155962492459267,0.6845082675945484,30.247896,0.6742275012500526,29.749274655383168
19.273217551230523,0.7039623516566723,31.137539999999998,0.6841391180522592,30.212029770255445
19.366858831807427,0.7235160339266128,32.027184,0.6972647566770438,30.817081180170298
19.460355252661813,0.7028733479639674,31.137539999999998,0.6991342871060183,30.923900786780198
19.55370665289751,0.6421278241763536,28.468608,0.6801321327961302,30.105469857853468
19.67019172862284,0.5813616222009585,25.799675999999998,0.6472086292644064,28.67020523856898
19.763216262699256,0.5809073171748823,25.799675999999998,0.6251081919012317,27.713362159045985
19.85609527787498,0.6004677880605105,26.68932,0.6168947239543247,27.372014772697323
19.971989189109266,0.6198740303916734,27.578964,0.6178878261001076,27.440997848464885
20.041416171837877,0.6195077801539677,27.578964,0.6184278107847276,27.48698656564326
20.1338577695392,0.6190187084303147,27.578964,0.61862477666659,27.51764571042884
20.249204324583182,0.6383547830917141,28.468608,0.6252014454749647,27.834633140285895
20.341317054772876,0.6577807604761524,29.358252,0.6360612171420273,28.34250609352393
20.433283412011797,0.65725728529559,29.358252,0.643126573193215,28.68108806234929
20.525103272163033,0.6766339532952838,30.247896,0.6542956998939046,29.20335737489953
20.639671902217895,0.6163141505599182,27.578964,0.6416351834492425,28.661892916599687
20.73116170765568,0.5562243572898115,24.910032,0.6131649080627656,27.411272611066458
20.868120986802598,0.5753945085048264,25.799675999999998,0.6005747748767859,26.874073740710973
20.890915377970558,0.5752785183727206,25.799675999999998,0.5921426893754308,26.515941160473982
20.982001009207558,0.5946352934145273,26.68932,0.592973557388463,26.573734106982656
21.09565107716241,0.6138348840626557,27.578964,0.5999273329465273,26.90881073798844
21.186405432471847,0.6133367872235115,27.578964,0.6043971510388554,27.132195158658963
21.277012394904414,0.6326069308487604,28.468608,0.6138004109754904,27.577666105772643
21.390063684887867,0.6714598893495108,30.247896,0.633020237100164,28.467742737181766
21.480338677168664,0.6709110383299176,30.247896,0.6456505041767485,29.06112715812118
21.54794800816815,0.6507783425890552,29.358252,0.6473597836475175,29.160168772080787
21.63796449847236,0.5714268474864544,25.799675999999998,0.6220488049271632,28.040004514720525
21.750277220374095,0.5314711319426247,24.020388,0.5918562472656504,26.70013234314702
21.83996099144236,0.5310329018618806,24.020388,0.5715817987977272,25.80688422876468
21.951857576934117,0.5697794408731367,25.799675999999998,0.5709810128228637,25.80448148584312
22.041208257598324,0.5889386610108057,26.68932,0.5769668955521777,26.09942765722875
22.219465105723053,0.5487627778574299,24.910032,0.5675655229872618,25.7029624381525
22.24170551966413,0.52905386767526,24.020388,0.5547283045499279,25.142104292101667
22.330574486444597,0.5481908169013893,24.910032,0.552549142000415,25.06474686140111
22.419295109051813,0.5672945063526994,25.799675999999998,0.5574642634511765,25.309723240934076
22.485738192984837,0.5864878147091728,26.68932,0.5671387805371753,25.769588827289386
22.596291111682135,0.5858728110641448,26.68932,0.5733834573794985,26.07616588485959
22.684566394192537,0.5658674987828031,25.799675999999998,0.5708781378472667,25.984002589906396
22.772693137467673,0.5653907416943599,25.799675999999998,0.5690490057962978,25.92256039327093
22.8606713001882,0.5649134542154265,25.799675999999998,0.5676704886026741,25.88159892884729
22.970435003996798,0.5643161113198234,25.799675999999998,0.5665523628417239,25.854291285898192
23.05807872460342,0.5832803379045263,26.68932,0.5721283545293248,26.132634190598797
23.145573750588945,0.5439325421739902,24.910032,0.5627297504108799,25.725100127065865
23.21109742171355,0.5435853974122217,24.910032,0.5563482994113272,25.453410751377245
23.320117605784244,0.543006232666595,24.910032,0.5519009438297499,25.272284500918165
23.407166385677854,0.5425423783349066,24.910032,0.5487814219981355,25.151533667278777
23.494066372281072,0.5227181367752021,24.020388,0.5400936602571578,24.774485111519187
23.580817547992634,0.5029266436378494,23.130744,0.5277046547173884,24.22657140767946
23.689047230014832,0.48306405360204974,22.2411,0.5128244543456089,23.564747605119642
23.77546353128373,0.4826482132239904,22.2411,0.5027657073050694,23.12353173674643
23.90480888950609,0.5013046942002567,23.130744,0.5022787029367985,23.12593582449762
23.969355971556485,0.5009796452710118,23.130744,0.5018456837148697,23.127538549665083
24.03381932073808,0.5006543834328336,23.130744,0.5014485836208578,23.128607033110058
24.119640201873967,0.5002203747707581,23.130744,0.5010391806708245,23.129319355406707
24.226706974722802,0.5188957088253079,24.020388,0.506991356722319,23.426342236937806
24.312192936466083,0.4992425253012686,23.130744,0.5044084129153023,23.327809491291873
24.525256683058362,0.440674641726295,20.461812,0.48316382251896656,22.37247699419458
24.588994434745725,0.44038538366671687,20.461812,0.46890434290155003,21.73558866279639
24.673847907405882,0.43999945147109815,20.461812,0.4592693790913994,21.31099644186426
24.73739037516892,0.4397098144300119,20.461812,0.4527495242042703,21.02793496124284
24.821983500331104,0.43932338584569314,20.461812,0.44827414475141125,20.839227307495225
24.927515746288453,0.4579199615104604,21.351456,0.45148941700442763,21.00997020499682
25.011774246787184,0.4575160928812893,21.351456,0.45349830896338156,21.123798803331212
25.09588407090754,0.4761582813209714,22.2411,0.4610516330825782,21.496232535554142
25.221770108700866,0.4374841833012433,20.461812,0.4531958164887999,21.15142569036943
25.284587744867935,0.43719325462165537,20.461812,0.44786162919975175,20.921554460246288
25.368214601706423,0.4368051363206049,20.461812,0.4441761315733695,20.768306973497527
25.451692933292264,0.4364167792754392,20.461812,0.44158968080739275,20.666141982331684
25.5142042373796,0.43612535817110476,20.461812,0.4397682399286301,20.598031988221123
25.618204190527457,0.4356393712280842,20.461812,0.4383919503617815,20.55262532548075
25.701237206978753,0.41632640384467856,19.572168,0.4310367681894139,20.22580621698717
25.784121879744646,0.3970470682450787,18.682524,0.4197068682079688,19.71137881132478
25.887519190627714,0.39660253752709196,18.682524,0.41200542464767653,19.368427207549857
25.970070280825247,0.3962467025720983,18.682524,0.40675251728915046,19.139792805033238
26.073050787864688,0.39580165398730177,18.682524,0.4031022295218676,18.98736987002216
26.155268580674957,0.3954454171764817,18.682524,0.4005499587400723,18.885754580014776
26.237338339538212,0.39508900969271754,18.682524,0.3987296423909541,18.818011053343184
26.298793549574945,0.3948215949899102,18.682524,0.3974269599239395,18.772848702228792
26.4010340119493,0.3943757020506754,18.682524,0.3964098739661848,18.74274046815253
26.48266005921922,0.39401881149897,18.682524,0.3956128531437799,18.72266831210169
26.56413833995036,0.3936617694874527,18.682524,0.3949624919250042,18.70928687473446
26.645468926382186,0.4120333703135029,19.572168,0.4006527847211705,18.996913916489643
26.746924577794495,0.411565414525873,19.572168,0.4042903279894047,19.188665277659762
26.82792312712578,0.3925003940114863,18.682524,0.40036034999676523,19.019951518439843
26.908774231478624,0.373469296031631,17.792880000000004,0.3913966653417205,18.610927678959897
26.969315847699455,0.3545530760104519,16.903236,0.3791154688979643,18.041697119306598
27.04990911977115,0.35422930497426963,16.903236,0.37082008092339946,17.662210079537733
27.150443696091997,0.35382444045051786,16.903236,0.36515486743243897,17.40921871969182
27.29080598287114,0.3532573631524313,16.903236,0.3611890326724364,17.240557813127882
27.31082098900795,0.33458810001319655,16.013592,0.3523220551193565,16.831569208751922
27.390789197969347,0.315709798819635,15.123948,0.340117969686116,16.26236213916795
27.490542983797752,0.315347094004975,15.123948,0.3318610111257357,15.882890759445303
27.5701809483067,0.3150568440965626,15.123948,0.32625962211601134,15.629909839630203
27.669522233638524,0.33320533764418137,16.013592,0.32857486062540137,15.757803893086804
27.74883044703713,0.3328978464728921,16.013592,0.3300158559078983,15.843066595391203
27.808215531671003,0.3511486931189289,16.903236,0.33706013497824183,16.19645639692747
27.907007801249193,0.35074281032543014,16.903236,0.34162102676063794,16.432049597951647
27.985877151037222,0.35041803119113896,16.903236,0.34455336157080496,16.589111731967765
28.064600424984796,0.35009319144730444,16.903236,0.34639997152963814,16.693819821311845
28.143177732136436,0.3497682949366439,16.903236,0.3475227459986401,16.7636252142079
28.241194269291412,0.34936210028610254,16.903236,0.3481358640944609,16.810162142805268
28.319443559102375,0.33066671682167725,16.013592,0.34231281500353306,16.54463876187018
28.397547248802724,0.31200550520646586,15.123948,0.3322103784045107,16.07107517458012
28.456029536049883,0.2934469197969142,14.234304,0.31928922553531186,15.458818116386748
28.553318295774105,0.2747856373930164,13.34466,0.30445469615454673,14.754098744257833
28.63098589128205,0.2745289276279935,13.34466,0.29447943997902903,14.284285829505222
28.70850836311996,0.2742721944886312,13.34466,0.2877436914822298,13.971077219670148
28.80520756079884,0.273951249582333,13.34466,0.2831462108489309,13.762271479780098
28.882403957821737,0.29194077264890805,14.234304,0.2860777314489233,13.919615653186733
28.959455638020387,0.29166686406189024,14.234304,0.2879407756532456,14.024511768791156
29.03636273004225,0.2913929434703244,14.234304,0.28909149825893854,14.094442512527438
29.093948241360877,0.29118749694854074,14.234304,0.28979016448880596,14.141063008351626
29.24711276933261,0.3088046008110752,15.123948,0.2961283099295624,14.468691338901085
29.266217787450238,0.3087318356967119,15.123948,0.3003294851852789,14.687110225934058
29.342547845031305,0.27215362554709954,13.34466,0.29093753197255245,14.239626817289372
29.43775804390942,0.25371043353149714,12.455016,0.27852849915886735,13.644756544859582
29.513764472970685,0.23536569269795524,11.565372,0.26414089700523,12.951628363239722
29.589627293447784,0.23514313319611757,11.565372,0.2544749757355259,12.489542908826483
29.684254084999424,0.23486494790446463,11.565372,0.24793829979183885,12.181485939217657
29.759794305328278,0.23464241374153882,11.565372,0.2435063377750722,11.976114626145106
29.816355524529314,0.2525121015045086,12.455016,0.24650825901821766,12.13574841743007
29.891645339114064,0.25227247916255474,12.455016,0.2484296657329967,12.242170944953381
29.98555668970294,0.25197298019414355,12.455016,0.249610770553379,12.313119296635588
30.06052521735257,0.23375244947136736,11.565372,0.2443246635260418,12.06387019775706
30.13535119413239,0.2335300127142957,11.565372,0.2407264465887931,11.897704131838042
30.210034771733085,0.23330760211373558,11.565372,0.2382534984304406,11.786926754558696
30.3031892281777,0.21510427290425793,10.675728,0.23053708992171307,11.416527169705798
30.377552969257863,0.21489903250435918,10.675728,0.22532440411592844,11.1695941131372
30.4703081215347,0.1967556482410478,9.786084,0.21580148549096823,10.7084240754248
30.544352816079616,0.19656757699192143,9.786084,0.20939018265795264,10.400977383616533
30.5997934419676,0.19642654456417927,9.786084,0.20506896996002819,10.196012922411024
30.692017742436988,0.19619153276397452,9.786084,0.2021098242280103,10.059369948274016
30.765638296020967,0.19600356333678698,9.786084,0.20007440393093587,9.968274632182679
30.83911779314485,0.19581563138076688,9.786084,0.19865481308087954,9.90754442145512
30.912456397805634,0.19562773864011776,9.786084,0.1976457882672923,9.867057614303414
30.98565427521872,0.1954398868464644,9.786084,0.196910487793683,9.840066409535611
31.113412436981626,0.17737386354537188,8.896440000000002,0.19039827971091264,9.525524273023741
31.149835829323955,0.17728852627934505,8.896440000000002,0.18602836190039013,9.315829515349161
31.20440521410039,0.17716054025076355,8.896440000000002,0.1830724213505146,9.176033010232775
31.295179156164927,0.17694728477985613,8.896440000000002,0.18103070916029512,9.082835340155185
31.36764097323003,0.1767767312270572,8.896440000000002,0.17961271651588248,9.020703560103458
31.43996312235859,0.15894560203259203,8.006796,0.17272367835478566,8.682734373402306
31.51214577717417,0.15879218942970139,8.006796,0.16807984871309092,8.457421582268205
31.58418911240247,0.1586388216287602,8.006796,0.16493283968498068,8.307213054845471
31.67404763121241,0.15844717689501417,8.006796,0.16277095208832518,8.207074036563649
31.745778141825227,0.1582939147208176,8.006796,0.161278606299156,8.140314691042432
31.83524619192699,0.15810240615306712,8.006796,0.1602198729171264,8.095808460694956
31.942322185553984,0.1578727006133395,8.006796,0.15943748214919742,8.066137640463305
31.960137926024046,0.15783442774535061,8.006796,0.1589031306812485,8.046357093642204
32.03131453915685,0.15768136953921413,8.006796,0.15849587696723705,8.033170062428136
32.120091234827385,0.15749012310496205,8.006796,0.15816062567981207,8.024378708285424
32.19095755831447,0.15733718854024997,8.006796,0.15788614663329137,8.018517805523617
32.26168627447846,0.15718431094805033,8.006796,0.1576522014048777,8.014610537015745
32.349903942047014,0.15699329594806294,8.006796,0.15743256625260613,8.01200569134383
32.42032372134894,0.15684055102594996,8.006796,0.15723522784372074,8.010269127562553
32.49060649959555,0.15668786703817197,8.006796,0.15705277424187117,8.009111418375037
32.543228789709765,0.1565733947569303,8.006796,0.15689298108022423,8.008339612250024
32.63076180790668,0.15638268665079869,8.006796,0.1567228829370824,8.00782507483335
32.70063471771876,0.15623019262004717,8.006796,0.156558652831404,8.007482049888901
32.77037138594553,0.15607776426139178,8.006796,0.15639835664139992,8.007253366592602
32.839972004660005,0.15592540273567512,8.006796,0.15624070533949166,8.007100911061736
32.926781752424525,0.15573504656566528,8.006796,0.15607215241488287,8.006999274041158
32.99607696642451,0.15558283960994523,8.006796,0.15590904814657033,8.00693151602744
33.06523676100742,0.13816062506259597,7.117152,0.14999290711857888,7.710338344018293
33.117017855606946,0.13805924253516919,7.117152,0.14601501892410898,7.512609562678862
33.20315087525798,0.137890352414183,7.117152,0.14330679675413366,7.380790375119242
33.32338326042602,0.12044731916899219,6.227508,0.13568697089241985,6.996362916746161
33.34052566983411,0.12041779962912784,6.227508,0.13059724713798918,6.7400779444974415
33.40901131775636,0.1202997585726935,6.227508,0.1271647509495573,6.569221296331628
33.49442963487092,0.12015229171231234,6.227508,0.12482726453714231,6.455316864221086
33.562613538547204,0.12003438680216344,6.227508,0.1232296386254827,6.3793805761473905
33.64765531072756,0.11988709273395116,6.227508,0.12211545666163885,6.328756384098261
33.715538488747754,0.11976932812590811,6.227508,0.12133341381639529,6.295006922732174
33.76636336546229,0.11968104640940287,6.227508,0.12078262468073116,6.27250728182145
33.83401335517585,0.11956339374786847,6.227508,0.12037621436977693,6.2575075212143005
33.91838887699566,0.11941641950752234,6.227508,0.12005628274902541,6.247507680809534
33.98573997177183,0.11929891434199506,6.227508,0.11980382661334864,6.24084112053969
34.05295855788767,0.11918147599909444,6.227508,0.11959637640859724,6.23639674702646
34.1200448415222,0.10205494735720283,5.337864,0.11374923339146578,5.936885831350974
34.20371696083725,0.10192927545578713,5.337864,0.10980924741290624,5.737211887567316
34.27050632102946,0.10182880470348568,5.337864,0.1071490998430994,5.604095925044877
34.32051194886647,0.10175349100981555,5.337864,0.10535056356533812,5.515351950029919
34.3870710970085,0.10165312575697316,5.337864,0.10411808429588314,5.456189300019946
34.47008546930018,0.10152775526665084,5.337864,0.10325464128613904,5.416747533346631
34.53634957267947,0.10142752849816104,5.337864,0.10264560369014639,5.390453022231087
34.60248288685436,0.10132736428940729,5.337864,0.1022061905565667,5.372923348154059
34.66848562296704,0.10122726325472599,5.337864,0.10187988145595313,5.361236898769373
34.75080574026456,0.10110222672684914,5.337864,0.10162066321291847,5.353445932512916
34.816515450575174,0.10100227005133779,5.337864,0.10141453215905825,5.34825195500861
34.89846995834788,0.10087741586894582,5.337864,0.10123549339568745,5.344789303339073
34.96388772066177,0.0839813388100382,4.448220000000001,0.09548410853380437,5.0459328688927165
35.01286610722208,0.08391899431537185,4.448220000000001,0.09162907046099354,4.846695245928478
35.078057547780084,0.0838359171309951,4.448220000000001,0.0890313526843274,4.713870163952319
35.159365423355325,0.08373214976554402,4.448220000000001,0.08726495171139961,4.625320109301547
35.224266846316866,0.10037903969140628,5.337864,0.09163631437140184,4.862834739534365
35.289039723242105,0.10027956840182163,5.337864,0.09451739904820844,5.021177826356244
35.41820070525031,0.08340069521693268,4.448220000000001,0.09081183110444986,4.830191884237497
35.434309821771194,0.08338001016785015,4.448220000000001,0.08833455745891663,4.702867922824998
35.498666421280745,0.09995676813216796,5.337864,0.09220862768333374,4.914533281883332
35.546850106357184,0.08323531807589127,4.448220000000001,0.08921752448085292,4.7590955212555555
35.626996969461985,0.08313207811778373,4.448220000000001,0.08718904235982985,4.655470347503704
35.69097135514873,0.08304955373770964,4.448220000000001,0.08580921281912313,4.586386898335803
35.75481877391813,0.08296708990873963,4.448220000000001,0.08486183851566197,4.540331265557203
35.81853944527689,0.08288468706417335,4.448220000000001,0.08420278803183243,4.50962751037147
35.89801238095393,0.0827817699210578,4.448220000000001,0.08372911532824089,4.489158340247647
35.96144867518223,0.08269950585382502,4.448220000000001,0.08338591217010227,4.475512226831765
36.04056683719529,0.08259676351737048,4.448220000000001,0.08312286261919168,4.466414817887844
36.10371987167679,0.08251464035205602,4.448220000000001,0.0829201218634798,4.460349878591897
36.1667473726531,0.06594606438355549,3.558576,0.07726210270350503,4.159758585727931
36.21393575046234,0.06589686188429456,3.558576,0.07347368909710154,3.9593643904852875
36.27674410181027,0.06583130337608425,3.558576,0.07092622719009578,3.825768260323525
36.355078894603174,0.0657494277280838,3.558576,0.06920062736942513,3.736704173549017
36.41760648321251,0.06568398558423463,3.558576,0.06802841344102831,3.677328115699345
36.480009650715814,0.06561859566717404,3.558576,0.06722514084974356,3.6377440771328966
36.55783898326888,0.06553693218503605,3.558576,0.0666624046281744,3.611354718088598
36.619963020502716,0.06547166090278413,3.558576,0.06626549005304432,3.5937618120590655
36.68196336369337,0.065406442839631,3.558576,0.06597914098190655,3.5820332080393773
36.72838258178688,0.06535756439706938,3.558576,0.06577194878696083,3.5742141386929185
36.80559386537628,0.06527616756207882,3.558576,0.06560668837866683,3.569001425795279
40.833921358905364,0.0,0.0,0.043737792252444556,2.37933428386352
40.90290063981229,-0.033620550704009385,-1.779288,0.017951677933626578,0.9931268559090135
40.98892285069709,-0.03357678388104924,-1.779288,0.0007755239954013069,0.06898857060600912
41.05757941171489,-0.033541798128400704,-1.779288,-0.010663583379199364,-0.5471036195959939
41.108977959024344,-0.03351557512275191,-1.779288,-0.018280913960383546,-0.9578317463973293
41.19446371182774,-0.05020785218279747,-2.668932,-0.028923226701188187,-1.5281984975982195
41.26269195376333,-0.05015548646406853,-2.668932,-0.0360006466221483,-1.908442998398813
41.3307779264678,-0.05010315903875859,-2.668932,-0.04070148409435173,-2.161939332265875
41.41568571147303,-0.05003780409889994,-2.668932,-0.04381359076253447,-2.3309368881772503
41.483452503664545,-0.03332370933973299,-1.779288,-0.04031696362160065,-2.1470539254515004
41.551077850310655,-0.03328890883433878,-1.779288,-0.03797427869251336,-2.0244652836343335
41.618562005970794,-0.0332541347581105,-1.779288,-0.036400897381045745,-1.9427395224228892
41.702719039343954,-0.04981605696428042,-2.668932,-0.040872617242123974,-2.1848036816152594
41.75310776508463,-0.04977700007410257,-2.668932,-0.04384074485278351,-2.346179787743506
41.820169880135765,-0.04972495973472926,-2.668932,-0.04580214981343209,-2.453763858495671
41.903800443064334,-0.06621328907764684,-3.558576,-0.05260586290150368,-2.8220345723304474
41.97054754194755,-0.06614402510214715,-3.558576,-0.057118583635051505,-3.0675483815536317
42.037155051822765,-0.06607481649492769,-3.558576,-0.06010399458834357,-3.231224254369088
42.120218535148716,-0.06598838418626667,-3.558576,-0.06206545778765127,-3.3403415029127257
42.18651291355966,-0.04943947617402563,-2.668932,-0.057856797249776055,-3.1165383352751506
42.252668542854884,-0.06585027555474722,-3.558576,-0.060521290018099784,-3.2638842235167673
42.30219436668369,-0.06579854342218826,-3.558576,-0.06228037448612928,-3.362114815677845
42.40101275098111,-0.06569517594103938,-3.558576,-0.06341864163776599,-3.4276018771185632
42.45030553086862,-0.06564354090101736,-3.558576,-0.06416027472551646,-3.4712599180790424
42.51590876041251,-0.06557474502820651,-3.558576,-0.06463176482641314,-3.5003652787193618
42.58137454104832,-0.06550600759433808,-3.558576,-0.06492317908238812,-3.5197688524795745
42.66301387714137,-0.06542016852069922,-3.558576,-0.06508884222849183,-3.5327045683197165
42.728171352945246,-0.06535156386290174,-3.558576,-0.06517641610662847,-3.541328378879811
42.79319222967087,-0.065283018780491,-3.558576,-0.06521195033124932,-3.547077585919874
42.85807676948058,-0.06521453361502003,-3.558576,-0.06521281142583957,-3.5509103906132498
42.938991120328204,-0.06512901193059216,-3.558576,-0.0651848782607571,-3.5534655937421666
42.98743788849402,-0.0813471804777759,-4.448220000000001,-0.0705723123330967,-3.851717062494778
43.05191499348504,-0.08126180122397222,-4.448220000000001,-0.07413547529672188,-4.050551374996519
43.13232116056582,-0.08115518486231768,-4.448220000000001,-0.07647537848525382,-4.183107583331013
43.19649424416352,-0.08106997842864438,-4.448220000000001,-0.07800691179971735,-4.271478388887343
43.26053263577571,-0.08098484945353751,-4.448220000000001,-0.07899955768432407,-4.330392259258229
43.34039161707587,-0.08087854775950916,-4.448220000000001,-0.07962588770938576,-4.36966817283882
43.40412791775236,-0.0807935944973143,-4.448220000000001,-0.08001512330536195,-4.39585211522588
43.46773038565447,-0.0968504639465234,-5.337864,-0.08562690351908243,-4.709856076817253
43.54704567166728,-0.09672328566606085,-5.337864,-0.08932569756807525,-4.919192051211502
43.610347984422845,-0.09662165041414791,-5.337864,-0.09175768185009947,-5.058749367474335
43.65773744202549,-0.09654548689998906,-5.337864,-0.09335361686672934,-5.151787578316224
43.72080722910516,-0.11251802309853352,-6.227508,-0.09974175227733074,-5.510361052210816
43.79945815654029,-0.11237020892305254,-6.227508,-0.10395123782590468,-5.749410034807211
43.81516354269279,-0.11234066732347116,-6.227508,-0.10674771432509352,-5.908776023204807
43.924870289403,-0.1281532288688233,-7.117152,-0.11388288583967011,-6.311568015469872
43.98737875906627,-0.12801849118267133,-7.117152,-0.11859475428733719,-6.580096010313248
44.065329629477425,-0.12785025376648781,-7.117152,-0.1216799207803874,-6.759114673542165
44.12754287709796,-0.12771581224632353,-7.117152,-0.12369188460236612,-6.87846044902811
44.17411697594328,-0.12761506803109726,-7.117152,-0.12499961241194317,-6.958024299352074
44.23610153907,-0.12748085873405932,-7.117152,-0.12582669451931522,-7.011066866234716
44.313399025511416,-0.1432274453931637,-8.006796,-0.13162694481059806,-7.342976577489812
44.37509076583422,-0.14307679846584262,-8.006796,-0.1354435626956796,-7.564249718326542
44.436652796311535,-0.1270456026041831,-7.117152,-0.13264424266518077,-7.415217145551028
44.49808538390067,-0.11104796838204312,-6.227508,-0.12544548457080157,-7.0193140970340195
44.57469449612947,-0.12674510613773093,-7.117152,-0.12587869175977803,-7.051926731356013
44.63583681362784,-0.1424382447451383,-8.006796,-0.13139854275489812,-7.3702164875706755
44.712083933442905,-0.14225096142546229,-8.006796,-0.1350160156450862,-7.582409658380451
44.75773599130091,-0.1421387071693116,-8.006796,-0.13739024615316134,-7.723871772253634
44.818493385906834,-0.15776574479198363,-8.896440000000002,-0.14418207903276878,-8.11472784816909
44.87912300736653,-0.141839788771871,-8.006796,-0.14340131561246952,-8.078750565446061
44.95473076039712,-0.1416532810381956,-8.006796,-0.1428186374210449,-8.054765710297374
45.015073869558314,-0.1415042508202484,-8.006796,-0.14238050855411274,-8.038775806864917
45.07529007428978,-0.14135537755802097,-8.006796,-0.14203879822208215,-8.028115871243278
45.135379641896556,-0.14120666174171037,-8.006796,-0.14176141939529158,-8.021009247495519
45.2103139251561,-0.15668998790617247,-8.896440000000002,-0.14673760889891854,-8.312819498330347
45.25517993490511,-0.15656633819342103,-8.896440000000002,-0.15001385199708606,-8.507359665553565
45.31489119484503,-0.15640162641082433,-8.896440000000002,-0.15214311013499882,-8.637053110369045
45.37447688672282,-0.17186080083991093,-9.786084,-0.15871567370330286,-9.020063406912698
45.448782828528884,-0.17163484029078774,-9.786084,-0.16302206256579782,-9.275403604608465
45.50808696912121,-0.17145429229415296,-9.786084,-0.16583280580858287,-9.445630403072311
45.567266409857936,-0.1712739408330229,-9.786084,-0.1676465174833962,-9.559114935381542
45.626321417767215,-0.17109378644045783,-9.786084,-0.1687956071357501,-9.634771290254362
45.69996560068651,-0.170868871376963,-9.786084,-0.1694866952161544,-9.685208860169576
45.74405920288871,-0.17073407095456292,-9.786084,-0.16990248712895725,-9.718833906779718
45.80274251381075,-0.17055451088881757,-9.786084,-0.17011982838224404,-9.741250604519813
45.87592320109034,-0.1548457644388141,-8.896440000000002,-0.16502847373443408,-9.459647069679876
45.934329314773656,-0.170151229540605,-9.786084,-0.16673605900315772,-9.568459379786585
45.99261266285067,-0.18542434737301502,-10.675728,-0.17296548845977683,-9.937548919857724
46.05077351174214,-0.18522939056156965,-10.675728,-0.1770534558270411,-10.183608613238484
46.12330271407542,-0.1849860032283308,-10.675728,-0.17969763829413768,-10.347648408825656
46.181188913326636,-0.18479154092154873,-10.675728,-0.18139560583660805,-10.457008272550437
46.2533756456016,-0.16916970885932023,-9.786084,-0.1773203068441788,-10.233366848366959
46.310988542057146,-0.16899190734111025,-9.786084,-0.17454417367648928,-10.084272565577974
46.354118770012434,-0.1535078995741587,-8.896440000000002,-0.16753208230904576,-9.688328377051985
46.41152002782616,-0.15334658536751822,-8.896440000000002,-0.1628035833285366,-9.424365584701324
46.46880071438582,-0.15318545657390883,-8.896440000000002,-0.159597541076994,-9.248390389800884
46.54023242348897,-0.16828273758849605,-9.786084,-0.16249260658082804,-9.42762159320059
46.597242794675914,-0.18338831600085986,-10.675728,-0.169457843054172,-9.843657062133726
46.65413345641984,-0.19846199498334086,-11.565372,-0.17912589369722828,-10.417562041422485
46.71090467354589,-0.19825355738423056,-11.565372,-0.1855017815928957,-10.800165360948323
46.781701129124095,-0.19799335292506354,-11.565372,-0.18966563870361833,-11.055234240632217
46.82408983237612,-0.18261915071694765,-10.675728,-0.1873168093747281,-10.928732160421479
46.88050430284644,-0.16722513725595464,-9.786084,-0.18061958533513697,-10.547849440280986
46.936800386221044,-0.15186326687427132,-8.896440000000002,-0.17103414584818177,-9.997379626853991
47.00700441061859,-0.16683045588166254,-9.786084,-0.16963291585934204,-9.926947751235994
47.06303508764931,-0.16665537972180328,-9.786084,-0.1686404038134958,-9.879993167490664
47.118948234563135,-0.181615103919462,-10.675728,-0.17296530384881786,-10.145238111660444
47.18867479250318,-0.19649171539028548,-11.565372,-0.18080744102930707,-10.618616074440297
47.244324458836154,-0.19628560897752795,-11.565372,-0.1859668303453807,-10.934201382960199
47.31372249782421,-0.19602832410443385,-11.565372,-0.18932066159839842,-11.144591588640132
47.36911001380745,-0.1807594847841616,-10.675728,-0.18646693599365283,-10.988303725760089
47.41057445571339,-0.18061733212842332,-10.675728,-0.18451706803857634,-10.884111817173393
47.46575899499776,-0.18042799611611815,-10.675728,-0.18315404406442362,-10.814650544782262
47.479537052944096,-0.18038069801583556,-10.675728,-0.18222959538156094,-10.768343029854842
47.58950184724092,-0.19500306692405878,-11.565372,-0.18648741922906023,-11.034019353236562
47.644311556264384,-0.1947987634831234,-11.565372,-0.18925786731374797,-11.211136902157708
47.699006488008564,-0.1945947101736292,-11.565372,-0.1910368149337084,-11.32921526810514
47.76721414440449,-0.179390765339285,-10.675728,-0.18715479840223392,-11.11138617873676
47.82165178036897,-0.17920292904168997,-10.675728,-0.18450417528205262,-10.966166785824507
47.862405226111754,-0.19398405428648652,-11.565372,-0.18766413495019726,-11.165901857216339
47.93018552017317,-0.19373028164727688,-11.565372,-0.1896861838492238,-11.299058571477559
47.984282143593376,-0.19352754676129585,-11.565372,-0.19096663815324785,-11.387829714318373
48.03826561528775,-0.19332506394912627,-11.565372,-0.19175278008520735,-11.447010476212249
48.10558622998254,-0.193072315348416,-11.565372,-0.19219262517294358,-11.486464317474834
48.15931605718439,-0.20770658541177553,-12.455016,-0.19736394525255424,-11.809314878316556
48.212933573681404,-0.19266873911128832,-11.565372,-0.19579887653879893,-11.728000585544372
48.26643903763359,-0.17766215144215397,-10.675728,-0.18975330150658395,-11.377243057029581
48.333163686493585,-0.17743008625101955,-10.675728,-0.18564556308806252,-11.143404704686388
48.37311483905902,-0.19206527473118998,-11.565372,-0.187785466969105,-11.284060469790926
48.42628569135717,-0.2066234451231221,-12.455016,-0.19406479302044405,-11.674378979860618
48.47934552075319,-0.19166423474081729,-11.565372,-0.19326460692723516,-11.63804331990708
48.53229458389089,-0.19146409634439052,-11.565372,-0.1926644367329536,-11.61381954660472
48.598325538235066,-0.1617966997759413,-9.786084,-0.1823751910806162,-11.004574364403148
48.651026314015446,-0.17632127681835494,-10.675728,-0.18035721965986246,-10.8949589096021
48.70361715544655,-0.17613729853621576,-10.675728,-0.17895057928531358,-10.821881939734734
48.76920150094092,-0.20522560011049193,-12.455016,-0.18770891956037303,-11.366259959823156
48.808470056085355,-0.2050650576645864,-12.455016,-0.19349429892844416,-11.729178639882104
48.860732624883276,-0.20485124212819172,-12.455016,-0.19727994666169338,-11.97112442658807
48.92590770368398,-0.2045843604096628,-12.455016,-0.19971475124434987,-12.13242161772538
48.977925570428205,-0.20437116543763265,-12.455016,-0.20126688930877748,-12.239953078483587
49.02983509292706,-0.20415824658650975,-12.455016,-0.2022306750680216,-12.311640718989059
49.09457002264213,-0.18932873755592095,-11.565372,-0.19793002923065472,-12.06288447932604
49.146236695787564,-0.174583019731098,-10.675728,-0.19014769273080248,-11.60049898621736
49.15913655380822,-0.18908236163694087,-11.565372,-0.18979258236618196,-11.588789990811573
49.2620939646359,-0.20320353356769386,-12.455016,-0.1942628994333526,-11.877531993874383
49.31341211020327,-0.20299213652461098,-12.455016,-0.19717264513043872,-12.070026662582922
49.35183068064121,-0.1883456441813713,-11.565372,-0.1942303114807496,-11.901808441721949
49.40296225751106,-0.18814979749172456,-11.565372,-0.19220347348440792,-11.789662961147966
49.46672732142053,-0.17345109365825517,-10.675728,-0.1859526802090237,-11.418351307431978
49.517620151739855,-0.17327084737889661,-10.675728,-0.18172540259898134,-11.170810204954652
49.568407278634744,-0.18751507578402443,-11.565372,-0.18365529366066238,-11.302330803303102
49.61908895151981,-0.17291106918335106,-10.675728,-0.18007388550155862,-11.093463202202068
49.68229312728588,-0.18707724944127588,-11.565372,-0.18240834014813104,-11.25076613480138
49.732738438626846,-0.20125870109867705,-12.455016,-0.18869179379831305,-11.652182756534254
49.77050373462882,-0.2011020542035641,-12.455016,-0.19282854726673007,-11.919793837689502
49.82076607809265,-0.20089343522298264,-12.455016,-0.1955168432521476,-12.098201225126335
49.87092420895272,-0.18635044504985657,-11.565372,-0.19246137718471726,-11.920591483417558
49.93347570000579,-0.17179290913078354,-10.675728,-0.18557188783340603,-11.505636988945039
49.98340025548873,-0.17161486875770743,-10.675728,-0.18091954814150651,-11.229000659296693
50.03322140012013,-0.1714370672735957,-10.675728,-0.17775872118553626,-11.044576439531129
50.09535278391422,-0.17121515145258887,-10.675728,-0.1755775312745538,-10.92162695968742
50.1449421524526,-0.19954420231042047,-12.455016,-0.1835664216198427,-11.432756639791613
50.18206682552543,-0.199389279564468,-12.455016,-0.18884070760138447,-11.773509759861076
50.2438132943273,-0.19913142371242534,-12.455016,-0.19227094630506478,-12.00067850657405
50.29309555639419,-0.18471649201820034,-11.565372,-0.18975279487610996,-11.855576337716036
50.342275937695256,-0.17033122393540157,-10.675728,-0.18327893789587385,-11.462293558477358
50.40360851518957,-0.15593524507042913,-9.786084,-0.17416437362072562,-10.903557038984905
50.452560553906544,-0.1557741236756832,-9.786084,-0.1680342903057115,-10.531066025989938
50.50141150126113,-0.16975987817253368,-10.675728,-0.16860948626131889,-10.579286683993292
50.55016159927336,-0.1695845880430554,-10.675728,-0.1689345201885644,-10.611433789328862
50.61095777043285,-0.1975934473198017,-12.455016,-0.17848749589897683,-11.225961192885908
50.659481840162485,-0.19738957052362968,-12.455016,-0.1847881874405278,-11.635646128590606
50.69580921123338,-0.18314850005350808,-11.565372,-0.1842416249781879,-11.612221419060404
50.7199962381723,-0.1830540374780316,-11.565372,-0.1838457624781358,-11.59660494604027
50.804454616041866,-0.19677961591508736,-12.455016,-0.18815704695711966,-11.882741964026847
50.85257986298499,-0.19657685631686048,-12.455016,-0.19096365007703328,-12.073499976017898
50.90060600273795,-0.16832089372752407,-10.675728,-0.1834160646271969,-11.607575984011932
50.94853327385331,-0.16814757857223347,-10.675728,-0.17832656927554244,-11.296959989341289
51.00830369145324,-0.15393699864550253,-9.786084,-0.17019671239886247,-10.79333465956086
51.05600937812369,-0.15377862011310728,-9.786084,-0.16472401497027742,-10.457584439707242
51.09172425447398,-0.16762906929853205,-10.675728,-0.16569236641302898,-10.530298959804828
51.151126699278066,-0.16741365949017098,-10.675728,-0.16626613077207633,-10.578775306536553
51.19853880677699,-0.19511520098066484,-12.455016,-0.1758824875082725,-11.20418887102437
51.2458535268425,-0.19491474501766776,-12.455016,-0.1822265733447376,-11.62113124734958
51.30486033445006,-0.19466456752589092,-12.455016,-0.18637257140512206,-11.899092831566387
51.3519567928725,-0.16668406238326547,-10.675728,-0.1798097350645032,-11.491304554377592
51.39895662736891,-0.1526369352751892,-9.786084,-0.1707521351347319,-10.922897702918396
51.44586007192998,-0.1524803658570133,-9.786084,-0.16466154537549238,-10.543959801945599
51.50435418503931,-0.1522849622061029,-9.786084,-0.16053601765236256,-10.2913345346304
51.53937872499743,-0.15216788431088898,-9.786084,-0.15774663987187137,-10.122917689753601
51.5859943992703,-0.16583124227290025,-10.675728,-0.16044150733888102,-10.307187793169067
51.63251461513847,-0.17946651132707545,-11.565372,-0.16678317533494583,-10.726582528779378
51.69053099963485,-0.1792368736998282,-11.565372,-0.17093440812323996,-11.006179019186252
51.736837280815216,-0.16528011188704128,-10.675728,-0.16904964271117373,-10.896028679457501
51.783048855201145,-0.15135178716833872,-9.786084,-0.16315035753022875,-10.526047119638335
51.82916595310253,-0.15119702380267966,-9.786084,-0.15916591295437907,-10.279392746425557
51.88667981805544,-0.1647315022149543,-10.675728,-0.16102110937457081,-10.411504497617038
51.92111763843501,-0.17832236249195713,-11.565372,-0.16678819374703294,-10.79612699841136
51.96695268422662,-0.1644371401866644,-10.675728,-0.1660045092269101,-10.755993998940907
52.02411494978016,-0.15054171765455807,-9.786084,-0.16085024536945944,-10.432690665960605
52.06973980673462,-0.150388101236071,-9.786084,-0.1573628639916633,-10.217155110640403
52.11527161638397,-0.15023470303317468,-9.786084,-0.15498681033883377,-10.073464740426937
52.160710605746594,-0.13643774814468487,-8.896440000000002,-0.1488037896074508,-9.681123160284626
52.20605700138328,-0.1499285609246389,-9.786084,-0.14917871337984684,-9.716110106856418
52.262610130411105,-0.14973766485915832,-9.786084,-0.14936503053961733,-9.73943473790428
52.319019375590436,-0.16314230089210704,-10.675728,-0.15395745399044725,-10.051532491936186
52.364043470727054,-0.16297626492372672,-10.675728,-0.1569637243015404,-10.25959766129079
52.397751430519534,-0.14928090259420954,-9.786084,-0.15440278373243013,-10.10175977419386
52.44261540790007,-0.1491290836979207,-9.786084,-0.152644883720927,-9.996534516129241
52.45381714537134,-0.14909116295028532,-9.786084,-0.15146031013071312,-9.926384344086161
52.54322629039889,-0.14878828596784888,-9.786084,-0.15056963540975837,-9.879617562724109
52.587794721778124,-0.1486371732968204,-9.786084,-0.1499254813721124,-9.84843970848274
52.63227268879137,-0.14848627768903697,-9.786084,-0.14944574681108727,-9.827654472321827
52.687743269763025,-0.14829796324809358,-9.786084,-0.14906315229008937,-9.813797648214551
52.73201850187742,-0.14814755560619625,-9.786084,-0.14875795339545833,-9.804559765476368
52.76516601842533,-0.14803489207694676,-9.786084,-0.14851693295595447,-9.798401176984246
52.8202999497873,-0.1478473902356384,-9.786084,-0.14829375204918246,-9.794295451322832
52.86430660550976,-0.14769763225826604,-9.786084,-0.14809504545221033,-9.791558300881888
52.90822417491611,-0.14754809058325036,-9.786084,-0.14791272716255702,-9.78973353392126
52.952052876800494,-0.13399887734601024,-8.896440000000002,-0.1432747772237081,-9.491969022614175
53.00671411676391,-0.13382946544830007,-8.896440000000002,-0.14012633996523877,-9.293459348409451
53.05034366426223,-0.1470635723917051,-9.786084,-0.14243875077406087,-9.457667565606302
53.09388505208142,-0.1469149485251003,-9.786084,-0.14393081669107402,-9.567139710404202
53.148188142543006,-0.17340755764879537,-11.565372,-0.1537563970103145,-10.233217140269469
53.18070421541196,-0.1599472881135777,-10.675728,-0.1558200273780689,-10.380720760179646
53.22398242311227,-0.14647036993169527,-9.786084,-0.15270347489594438,-10.182508506786432
53.267173335510634,-0.1463226075914064,-9.786084,-0.15057651912776507,-10.050367004524288
53.32103954435817,-0.13285291547052638,-8.896440000000002,-0.14466865124201886,-9.66572466968286
53.36403482739964,-0.1194471231195393,-8.006796,-0.13626147520119233,-9.11274844645524
53.4069435118956,-0.13258533106872186,-8.896440000000002,-0.13503609382370219,-9.040645630970161
53.44976581122994,-0.13245183147157918,-8.896440000000002,-0.13417467303966119,-8.992577087313443
53.50317253057686,-0.14551375411038472,-9.786084,-0.13795436672990238,-9.257079391542296
53.54580124103575,-0.15858260363040202,-10.675728,-0.14483044569673562,-9.729962261028199
53.56708344744559,-0.14529428320081866,-9.786084,-0.14498505819809665,-9.748669507352133
53.63080178854844,-0.13188663057607738,-8.896440000000002,-0.14061891565742357,-9.464593004901424
53.67317404787977,-0.13175415248115527,-8.896440000000002,-0.1376639945986675,-9.275208669934283
53.71546124499082,-0.13162186849450616,-8.896440000000002,-0.13564995256394705,-9.148952446622857
53.76820094244165,-0.14460246486801548,-9.786084,-0.13863412333196987,-9.361329631081906
53.810297516486216,-0.11819244459687862,-8.006796,-0.1318202304202728,-8.90981842072127
53.852309708935216,-0.10495462739630897,-7.117152,-0.12286502941228486,-8.312262947147515
53.89423772820528,-0.11795564114933202,-8.006796,-0.12122856665796725,-8.210440631431677
53.94652970050291,-0.13089776936223033,-8.896440000000002,-0.12445163422605494,-8.43910708762112
53.9778420785065,-0.1307994817170496,-8.896440000000002,-0.12656758338971985,-8.591551391747414
54.01951882400224,-0.1698691804653115,-11.565372,-0.14100144908158374,-9.58282492783161
54.0611122252481,-0.16969928534290687,-11.565372,-0.1505673945020248,-10.24367395188774
54.11298708780991,-0.15644978638253942,-10.675728,-0.15252819179552968,-10.38769196792516
54.154393717134106,-0.14326902329386293,-9.786084,-0.1494418022949741,-10.187155978616774
54.1957176701316,-0.13011450353688886,-8.896440000000002,-0.14299936937561236,-9.75691731907785
54.23695915131053,-0.12998463253369388,-8.896440000000002,-0.13866112376163955,-9.4700915460519
54.28839533757808,-0.12982256364584838,-8.896440000000002,-0.13571493705637583,-9.278874364034602
54.31919551387718,-0.11675291950080587,-8.006796,-0.12939426453785252,-8.854848242689735
54.360190801913326,-0.11663655331167253,-8.006796,-0.12514169412912587,-8.572164161793157
54.401104431427925,-0.12946706597691054,-8.896440000000002,-0.1265834847450541,-8.680256107862107
54.452131943929125,-0.1293059543963921,-8.896440000000002,-0.12749097462883344,-8.752317405241406
54.492862580126875,-0.15501273602321083,-10.675728,-0.13666489509362592,-9.393454270160937
54.533512213031095,-0.15485855574998866,-10.675728,-0.14272944864574685,-9.820878846773958
54.58421064884198,-0.15466615207882758,-10.675728,-0.1467083497901071,-10.105828564515972
54.62467875707288,-0.15451248621083707,-10.675728,-0.1493097285970171,-10.29579504301065
54.67515091921037,-0.1671807852534085,-11.565372,-0.1552667474824809,-10.7189873620071
54.71543851294201,-0.15416757226731406,-10.675728,-0.15490035574409197,-10.704567574671401
54.74560175921012,-0.1283773810940598,-8.896440000000002,-0.14605936419408125,-10.10185838311427
54.78574964772515,-0.11542507737646139,-8.006796,-0.13584793525487465,-9.403504255409514
54.835822650774425,-0.12809123349707138,-8.896440000000002,-0.13326236800227356,-9.234482836939677
54.875791807381546,-0.12796436442225045,-8.896440000000002,-0.13149636680893254,-9.121801891293119
54.9156818473674,-0.12783768438998783,-8.896440000000002,-0.13027680600261765,-9.04668126086208
54.955492966854095,-0.14048231252800497,-9.786084,-0.1336786415110801,-9.293148840574721
55.00514618227881,-0.15306401340322037,-10.675728,-0.14014043214179353,-9.754008560383149
55.04478044527751,-0.12742727751986976,-8.896440000000002,-0.1359027139344856,-9.468152373588767
55.074454756485224,-0.11459956572835306,-8.006796,-0.12880166453244143,-8.981033582392511
55.11395214579172,-0.1272071130719991,-8.896440000000002,-0.12827014737896067,-8.952835721595008
55.1632142922044,-0.12705020506584738,-8.896440000000002,-0.12786349994125626,-8.934037147730006
55.20253657267603,-0.15230986769973273,-10.675728,-0.13601228919408176,-9.514600765153338
55.24178134048335,-0.13947973803562777,-9.786084,-0.1371681054745971,-9.605095176768893
55.28094878787663,-0.11400733904957237,-8.006796,-0.12944784999958886,-9.072328784512596
55.329799657410135,-0.11386701744490313,-8.006796,-0.12425423914802695,-8.717151189675064
55.36879383436464,-0.12639438807709438,-8.896440000000002,-0.12496762212438277,-8.776914126450045
55.397989123060846,-0.13893123240293334,-9.786084,-0.12962215888389964,-9.113304084300031
55.44655228205139,-0.13876049784768496,-9.786084,-0.1326682718718281,-9.337564056200021
55.48531693284757,-0.11341975137555708,-8.006796,-0.12625209837307108,-8.893974704133347
55.52400545421185,-0.1133083536666739,-8.006796,-0.12193751680427203,-8.598248469422233
55.57225933658802,-0.11316934156047263,-8.006796,-0.11901479172300558,-8.401097646281489
55.61077725657125,-0.12562035518758816,-8.896440000000002,-0.12121664621119978,-8.56621176418766
55.64921965924494,-0.1254971827762751,-8.896440000000002,-0.12264349173289156,-8.676287842791774
55.687586731968146,-0.11283677585897245,-8.006796,-0.11937458644158519,-8.453123895194517
55.735439924809164,-0.10017657684506588,-7.117152,-0.11297524990941209,-8.007799930129679
55.76409563468315,-0.08759014242480939,-6.227508,-0.10451354741454454,-7.41436928675312
55.80223783707827,-0.10000507306798595,-7.117152,-0.10301072263235835,-7.315296857835413
55.821280957271014,-0.11245067427226846,-8.006796,-0.10615737317899505,-7.545796571890276
55.887785372402746,-0.11225838500599077,-8.006796,-0.10819104378799363,-7.699463047926851
55.92568584896035,-0.11214873280665323,-8.006796,-0.10951027346088017,-7.801907365284568
55.96351234009409,-0.11203924573013392,-8.006796,-0.11035326421729809,-7.870203576856379
56.001265029355146,-0.11192992357920065,-8.006796,-0.11087881733793228,-7.91573438457092
56.04835238593345,-0.11179350251551952,-8.006796,-0.11118371239712804,-7.946088256380613
56.08593968971219,-0.11168455072236212,-8.006796,-0.11135065850553941,-7.96632417092041
56.11408211452886,-0.11160294469700255,-8.006796,-0.11143475390269379,-7.979814780613607
56.15154142263471,-0.1114942802620415,-8.006796,-0.11145459602247637,-7.988808520409072
56.1982630760045,-0.11135868021988708,-8.006796,-0.11142262408827995,-7.9948043469393815
56.235558633575884,-0.11125038434192155,-8.006796,-0.11136521083949383,-7.9988015646262545
56.27278170632138,-0.11114225193901474,-8.006796,-0.1112908912060008,-8.001466376417504
56.31920888930596,-0.11100731601319688,-8.006796,-0.11119636614173284,-8.00324291761167
56.35626952781854,-0.09857737838826452,-7.117152,-0.10699003689057673,-7.7078792784077805
56.39325826412658,-0.09848173171034867,-7.117152,-0.10415393516383406,-7.510970185605188
56.43939334362851,-0.09836237660277744,-7.117152,-0.10222341564348186,-7.379697457070125
56.46702074289273,-0.11057723077035038,-8.006796,-0.10500802068577138,-7.588730304713417
56.503794840601756,-0.11047011546788209,-8.006796,-0.10682871894647496,-7.728085536475612
56.54049774660933,-0.11036316215651341,-8.006796,-0.10800686668315446,-7.8209890243170745
56.58627653462849,-0.11022969800173205,-8.006796,-0.10874781045601366,-7.88292468287805
56.62281990394063,-0.09788720747758962,-7.117152,-0.10512760946320565,-7.627667121918701
56.659292653522996,-0.0977926045678721,-7.117152,-0.10268260783142781,-7.457495414612468
56.704784548121005,-0.0976745522928481,-7.117152,-0.10101325598523458,-7.344047609741645
56.741099042607445,-0.09758027133560947,-7.117152,-0.09986892776869288,-7.268415739827764
56.768288932020646,-0.09750965433181485,-7.117152,-0.09908250328973355,-7.21799449321851
56.822550790160484,-0.09736866096128684,-7.117152,-0.09851122251358464,-7.18438032881234
56.84962290497181,-0.09729828443626919,-7.117152,-0.09810690982114616,-7.161970885874894
56.88565822918699,-0.09720457350196783,-7.117152,-0.09780613104808672,-7.147031257249929
56.921624192565794,-0.09711100460333444,-7.117152,-0.0975744222331693,-7.137071504833286
56.96648436980353,-0.09699424292992155,-7.117152,-0.09738102913208672,-7.130431669888858
57.00229489878371,-0.09690099292033948,-7.117152,-0.09722101706150432,-7.126005113259239
57.0380366236713,-0.09680788433108824,-7.117152,-0.09708330615136564,-7.123054075506159
57.064797867153864,-0.09673814558184878,-7.117152,-0.09696825262819336,-7.121086717004107
57.11820482143613,-0.09659890608763662,-7.117152,-0.09684513711467446,-7.119775144669405
57.144850675239226,-0.10859558082924284,-8.006796,-0.10076195168619725,-7.415448763112937
57.180318883015865,-0.1084914679139387,-8.006796,-0.10333845709544441,-7.612564508741959
57.2245585983982,-0.10836154896548773,-8.006796,-0.10501282105212552,-7.743975005827973
57.25987414012317,-0.09622914782212996,-7.117152,-0.10208492997546034,-7.535034003885316
57.29512210295302,-0.0961370588190641,-7.117152,-0.1001023062566616,-7.395740002590211
57.330302654074536,-0.0960451096561873,-7.117152,-0.09874990738983684,-7.302877335060141
57.37418379925516,-0.09593036955855601,-7.117152,-0.09781006144607657,-7.240968890040095
57.40921328305462,-0.09583873432935708,-7.117152,-0.09715295240717008,-7.199696593360064
57.435441502527645,-0.09577009927543795,-7.117152,-0.09669200136325938,-7.172181728906709
57.47907180192763,-0.09565588131042208,-7.117152,-0.09634662801231361,-7.153838485937807
57.51390116725047,-0.0955646631319699,-7.117152,-0.09608597305219904,-7.1416096572918715
57.54866415594383,-0.08353938563356118,-6.227508,-0.09190377724598643,-6.836909104861248
57.59202479954831,-0.08343993769186671,-6.227508,-0.0890824973946132,-6.633775403240833
57.6266390399636,-0.08336051538366324,-6.227508,-0.08717517005762988,-6.498352935493889
57.66118743532776,-0.08328121381895344,-6.227508,-0.08587718464473774,-6.40807129032926
57.69567014829195,-0.08320203282622461,-6.227508,-0.08498546737190003,-6.347883526886173
57.73868142071906,-0.08310322587799623,-6.227508,-0.08435805354059878,-6.3077583512574495
57.764439175487986,-0.08304403186949942,-6.227508,-0.08392004631689899,-6.281008234171633
57.79872581288757,-0.08296521156133396,-6.227508,-0.08360176806504399,-6.263174822781089
57.832947414224144,-0.08288651113682233,-6.227508,-0.08336334908897011,-6.251285881854059
57.87563320343514,-0.08278830392956911,-6.227508,-0.08317166736916978,-6.24335992123604
57.909709059890815,-0.08270987261180777,-6.227508,-0.08301773578338245,-6.238075947490694
57.943720400430216,-0.08263156061592554,-6.227508,-0.08288901072756348,-6.23455329832713
57.97766738420092,-0.08255336776864679,-6.227508,-0.08277712974125792,-6.23220486555142
58.02001085397836,-0.08245579399799094,-6.227508,-0.0826700178268356,-6.2306392437009475
58.04536891592248,-0.0823973388258544,-6.227508,-0.08257912482650853,-6.229595495800632
58.079123780066816,-0.08231950238286193,-6.227508,-0.08249258401195966,-6.228899663867089
58.11281491983109,-0.08224178439352511,-6.227508,-0.08240898413914816,-6.228435775911393
58.154839471344346,-0.09387977510508506,-7.117152,-0.08623258112779379,-6.524674517274263
58.18838780483542,-0.09379125841287564,-7.117152,-0.08875214022282107,-6.722167011516175
58.2218729228385,-0.08199001689258026,-6.227508,-0.08649809911274081,-6.557280674344117
58.26364066072045,-0.08189351463166751,-6.227508,-0.08496323761904971,-6.447356449562745
58.271982411281165,-0.08187423622049353,-6.227508,-0.08393357048619765,-6.374073633041831
58.33026485333698,-0.08173949272661328,-6.227508,-0.08320221123300287,-6.325218422027888
58.3717778271566,-0.06998011463377067,-5.337864,-0.07879484569992547,-5.996100281351925
58.39663881904549,-0.0699308051962617,-5.337864,-0.07584016553203755,-5.7766881875679505
58.429732351413406,-0.08150933800711864,-6.227508,-0.07772988969039792,-5.926961458378634
58.4627637877586,-0.08143285323588786,-6.227508,-0.07896421087222791,-6.02714363891909
58.503965993270626,-0.08133741099728083,-6.227508,-0.07975527758057889,-6.093931759279394
58.53685827130619,-0.08126118797248526,-6.227508,-0.08025724771121436,-6.138457172852929
58.56968894815086,-0.08118508099363705,-6.227508,-0.08056652547202192,-6.168140781901953
58.610640898128636,-0.08109011019150875,-6.227508,-0.08074105371185086,-6.187929854601302
58.64333352520084,-0.08101426367227463,-6.227508,-0.08083212369865879,-6.201122569734202
58.66781288342671,-0.06939210391882547,-5.337864,-0.07701878377204768,-5.9133697131561345
58.700398665371466,-0.06932726572765416,-5.337864,-0.07445494442391651,-5.721534475437423
58.74104534242266,-0.06924635678569398,-5.337864,-0.07271874854450901,-5.593644316958282
58.77349442574695,-0.06918174048533896,-5.337864,-0.071539745858119,-5.508384211305522
58.80588299631674,-0.06911722255719145,-5.337864,-0.07073223809114315,-5.451544140870348
58.83821120260368,-0.0690528028498137,-5.337864,-0.07017242634403334,-5.413650760580232
58.878536798730806,-0.06897241610774292,-5.337864,-0.06977242293193654,-5.388388507053488
58.91072972616456,-0.06890821684308703,-5.337864,-0.06948435423565337,-5.371547004702325
58.95088669008495,-0.06882810517475507,-5.337864,-0.06926560454868727,-5.360319336468217
58.98294508375304,-0.06876412558521455,-5.337864,-0.06909844489419636,-5.352834224312145
58.98294508375304,-0.06876412558521455,-5.337864,-0.06898700512453576,-5.34784414954143
59.03890405671088,-0.057210329624420984,-4.448220000000001,-0.0650614466244975,-5.047969433027621
59.07876351912858,-0.057143975442070484,-4.448220000000001,-0.062422289563688504,-4.848052955351748
59.110584567374936,-0.06850917957746797,-5.337864,-0.06445125290161499,-5.011323303567832
59.1423466420327,-0.06844568540393739,-5.337864,-0.06578273040238913,-5.120170202378555
59.174049887425454,-0.06838228785796782,-5.337864,-0.0666492495542487,-5.192734801585703
59.181966523576776,-0.06836645355172538,-5.337864,-0.06722165088674092,-5.2411112010571355
59.245167839960054,-0.056866663239121734,-4.448220000000001,-0.06376998833753453,-4.976814134038091
59.268808085404444,-0.056827227888142824,-4.448220000000001,-0.06145573485440396,-4.800616089358728
59.30813570434629,-0.05676160229721121,-4.448220000000001,-0.05989102400200638,-4.683150726239153
59.339532448479375,-0.05670919167656021,-4.448220000000001,-0.05883041322685766,-4.6048404841594355
59.37087125656791,-0.05665686078716959,-4.448220000000001,-0.05810589574696164,-4.552633656106291
59.409963509669716,-0.0565915591044697,-4.448220000000001,-0.057601116866131,-4.517829104070861
59.441172478490415,-0.05653940714709639,-4.448220000000001,-0.057247213626452804,-4.494626069380574
59.47232396979118,-0.05648733450913539,-4.448220000000001,-0.056993920587347,-4.4791573795870505
59.503418123844,-0.056435341063859994,-4.448220000000001,-0.05680772741285133,-4.468844919724701
59.54220539898448,-0.0563704604289231,-4.448220000000001,-0.056661971751541924,-4.461969946483134
59.56543497939083,-0.056331591244471645,-4.448220000000001,-0.056551844915851836,-4.457386630988757
59.59635795952843,-0.05627983461692468,-4.448220000000001,-0.05646117481620946,-4.454331087325839
59.62722415970703,-0.05622815667519983,-4.448220000000001,-0.05638350210253958,-4.452294058217227
59.65803371830351,-0.05617655729260338,-4.448220000000001,-0.05631452049922752,-4.450936038811485
59.66572727388562,-0.05616366970697237,-4.448220000000001,-0.056264236901809137,-4.450030692540991
59.72714884355276,-0.056060745257434604,-4.448220000000001,-0.056196406353684294,-4.449427128360661
59.7577752681299,-0.044807520253761716,-3.558576,-0.05240011098704344,-4.152476752240441
59.7959794837487,-0.04475626307512135,-3.558576,-0.04985216168306941,-3.9545098348269607
59.81886008068926,-0.044725555498160485,-3.558576,-0.04814329295476644,-3.8225318898846408
59.84931874112141,-0.044684666492204844,-3.558576,-0.04699041746724591,-3.7345465932564275
59.87972175200319,-0.04464383959915318,-3.558576,-0.04620822484454833,-3.6758897288376184
59.91764746450862,-0.05574111646864427,-4.448220000000001,-0.04938585538591365,-3.9333331525584128
59.94792575802448,-0.05569025708232871,-4.448220000000001,-0.05148732261805201,-4.104962101705609
59.98569599992233,-0.044501433151505704,-3.558576,-0.04915869279586991,-3.9228334011370727
60.01585025682425,-0.04446088451433756,-3.558576,-0.04759275670202579,-3.801414267424715
60.0459496037625,-0.04442039743370929,-3.558576,-0.04653530361258696,-3.7204681782831437
60.08349677330729,-0.04436987499284928,-3.558576,-0.045813494072674404,-3.6665041188554293
60.113473059575966,-0.04432952604497741,-3.558576,-0.04531883806344208,-3.630528079236953
60.13591951577088,-0.04429930452060812,-3.558576,-0.04497899354916409,-3.6065440528246353
60.16580055201284,-0.04425906265585498,-3.558576,-0.044739016584727724,-3.5905547018830903
60.203075577606505,-0.04420884616686674,-3.558576,-0.044562293112107396,-3.579895134588727
60.232834742485736,-0.04416874152629478,-3.558576,-0.04443110925016986,-3.5727887563924847
60.262539955462756,-0.04412869771036933,-3.558576,-0.044330305403569685,-3.568051170928323
60.29219134719706,-0.04408871461830125,-3.558576,-0.044249775141813545,-3.5648927806188824
60.321789047990414,-0.04404879214934512,-3.558576,-0.04418278081099074,-3.562787187079255
60.3587108690255,-0.04399897416099458,-3.558576,-0.04412151192765869,-3.5613834580528367
60.38082389617811,-0.04396912867801307,-3.558576,-0.04407071751111015,-3.5604476387018913
60.41026130239534,-0.04392938747437679,-3.558576,-0.0440236074988657,-3.5598237591345945
60.439645535319265,-0.04388970649133431,-3.558576,-0.04397897382968857,-3.5594078394230633
60.47630124729885,-0.04384018979463045,-3.558576,-0.0439327124846692,-3.5591305596153755
60.505566309700825,-0.043800643940525234,-3.558576,-0.043888689636621216,-3.5589457064102503
60.534778615233314,-0.04376115798055813,-3.558576,-0.04384617908460019,-3.558822470940167
60.56393829128071,-0.043721731814395356,-3.558576,-0.04380469666119858,-3.5587403139601115
60.60031406962295,-0.043672533038967676,-3.558576,-0.04376064212045495,-3.5586855426400743
60.622100262710894,-0.043643058462428774,-3.558576,-0.043721447567779556,-3.5586490284267165
60.65834529901971,-0.04359400851376722,-3.558576,-0.04367896788310878,-3.558624685617811
60.68728271278021,-0.032666126514936354,-2.668932,-0.04000802076038464,-3.2620604570785408
60.716168160109646,-0.03263679109554664,-2.668932,-0.03755094420543864,-3.064350971385694
60.75220208220119,-0.0326001842163155,-2.668932,-0.03590069087573093,-2.9325446475904626
60.78097106235156,-0.03257094853762786,-2.668932,-0.03479077676302991,-2.8446737650603087
60.80968848176093,-0.03254175706645384,-2.668932,-0.03404110353083789,-2.7860931767068724
60.83835446452875,-0.032512609727978925,-2.668932,-0.03353160559655157,-2.747039451137915
60.874114798717024,-0.032476237502600015,-2.668932,-0.033179816231901055,-2.7210036340919435
60.90266550101447,-0.032447189189420605,-2.668932,-0.03293560721774091,-2.7036464227279624
60.92404502886575,-0.032425431761366676,-2.668932,-0.03276554873228283,-2.6920749484853084
60.95250649925229,-0.03239646020656633,-2.668932,-0.03264251922371066,-2.684360632323539
60.988011884173204,-0.03236030729099248,-2.668932,-0.03254844857947127,-2.6792177548823597
61.01635917837649,-0.03233143409008772,-2.668932,-0.03247611041634342,-2.6757891699215732
61.04465592551146,-0.03230260448104017,-2.668932,-0.03241827510457567,-2.673503446614382
61.07290224688929,-0.032273818389477,-2.668932,-0.03237012286620945,-2.6719796310762547
61.108139421660155,-0.0322378968582758,-2.668932,-0.03232604753023157,-2.6709637540508364
61.136272726900145,-0.03220920840942461,-2.668932,-0.03228710115662925,-2.6702865027005576
61.15733986458794,-0.03218772047682882,-2.668932,-0.03225397426336244,-2.669835001800372
61.18538568938337,-0.032159107712631425,-2.668932,-0.03222235207978544,-2.669534001200248
61.2203729190966,-0.03212340242346698,-2.668932,-0.03218936886101262,-2.6693333341334986
61.24830680721427,-0.03209488663480129,-2.668932,-0.032157874785608845,-2.669199556088999
61.28315449288179,-0.032059302330992766,-2.668932,-0.03212501730073682,-2.6691103707259995
61.31097704630447,-0.02135392209569042,-1.779288,-0.028534652232388023,-2.3725029138173332
61.33875030989427,-0.021335004513322084,-1.779288,-0.026134769659366043,-2.1747646092115556
61.36647440149943,-0.021316115424400543,-1.779288,-0.024528551581044212,-2.042939072807704
61.40106054691122,-0.021292544057341697,-1.779288,-0.023449882406476708,-1.9550553818718028
61.42177553852558,-0.021278422530489456,-1.779288,-0.02272606244781429,-1.8964662545812019
61.449352818022405,-0.021259618627405497,-1.779288,-0.02223724784101136,-1.857406836387468
61.483755941258806,-0.0212361535358352,-1.779288,-0.021903549739285974,-1.831367224258312
61.511223800550006,-0.021217413232773544,-1.779288,-0.0216748375704485,-1.8140074828388748
61.538643217083,-0.021198701116930035,-1.779288,-0.02151612541927568,-1.8024343218925833
61.57284954106663,-0.021175350536012355,-1.779288,-0.02140253379152124,-1.7947188812617223
61.60016038325193,-0.021156701662936702,-1.779288,-0.02132058974865973,-1.7895752541744816
61.62742315693195,-0.021138080818544073,-1.779288,-0.021259753438621177,-1.7861461694496545
61.6478387611144,-0.01056206677489348,-0.889644,-0.01769385788404528,-1.4873121129664364
61.67501769018876,-0.021105561638481995,-1.779288,-0.01883109246885752,-1.584637408644291
61.708924210166614,-0.02108238597090319,-1.779288,-0.019581523636206077,-1.649520939096194
61.73599585147607,-0.021063876754921978,-1.779288,-0.020075641342444713,-1.6927766260641295
61.76301999353276,-0.02104539532470529,-1.779288,-0.020398892669864905,-1.7216137507094198
61.78999674924652,-0.02102694163181587,-1.779288,-0.02060824232384856,-1.7408385004729465
61.81692623121557,-0.021008515627866202,-1.779288,-0.02074166675852111,-1.7536550003152978
61.850521776006865,-0.010492760993433178,-0.889644,-0.017325364836825133,-1.465651333543532
61.88404384962939,-0.020962571440013195,-1.779288,-0.01853776703788782,-1.5701968890290214
61.910808755724375,-0.020944241967027283,-1.779288,-0.019339925347600977,-1.6398939260193477
61.93085173583169,-0.02093051289330212,-1.779288,-0.019870121196168027,-1.686358617346232
61.957534865670965,-0.020912231464429467,-1.779288,-0.02021749128558851,-1.7173350782308214
61.99082329198616,-0.020889418186617135,-1.779288,-0.02044146691926472,-1.737986052153881
62.017401778711395,-0.010435599156239136,-0.889644,-0.01710617766492286,-1.4552053681025874
62.04393393631568,-0.020853005718043837,-1.779288,-0.01835512034929652,-1.5632329120683917
62.07703415005665,-0.020830303264121677,-1.779288,-0.019180181320904908,-1.6352512747122612
62.090254062402295,0.0,0.0,-0.01278678754726994,-1.090167516474841
62.090254062402295,-0.010410617087768184,-0.889644,-0.011994730727436023,-1.0233263443165608
62.090254062402295,-0.010410617087768184,-0.889644,-0.011466692847546745,-0.9787655628777072
62.090254062402295,-0.010410617087768184,-0.889644,-0.011114667594287225,-0.9490583752518048
62.090254062402295,-0.010410617087768184,-0.889644,-0.010879984092114213,-0.9292535835012032
62.090254062402295,-0.010410617087768184,-0.889644,-0.01072352842399887,-0.9160503890008022
62.090254062402295,-0.010410617087768184,-0.889644,-0.01061922464525531,-0.9072482593338681
62.090254062402295,-0.010410617087768184,-0.889644,-0.0105496887927596,-0.9013801728892454
62.090254062402295,-0.010410617087768184,-0.889644,-0.010503331557762462,-0.897468115259497
62.090254062402295,-0.010410617087768184,-0.889644,-0.010472426734431037,-0.8948600768396647
62.090254062402295,-0.010410617087768184,-0.889644,-0.010451823518876753,-0.8931213845597765
62.090254062402295,-0.010410617087768184,-0.889644,-0.010438088041840564,-0.8919622563731844
62.090254062402295,-0.010410617087768184,-0.889644,-0.010428931057149772,-0.8911895042487896
62.090254062402295,-0.010410617087768184,-0.889644,-0.010422826400689244,-0.8906743361658598
62.090254062402295,-0.010410617087768184,-0.889644,-0.010418756629715557,-0.8903308907772399
62.090254062402295,-0.010410617087768184,-0.889644,-0.010416043449066433,-0.8901019271848266
62.090254062402295,-0.010410617087768184,-0.889644,-0.010414234661967017,-0.8899492847898844
62.090254062402295,-0.010410617087768184,-0.889644,-0.01041302880390074,-0.8898475231932563
62.090254062402295,-0.010410617087768184,-0.889644,-0.010412224898523222,-0.8897796821288376
62.090254062402295,-0.010410617087768184,-0.889644,-0.010411688961604876,-0.8897344547525584
62.090254062402295,-0.010410617087768184,-0.889644,-0.01041133167032598,-0.8897043031683723
62.090254062402295,0.0,0.0,-0.006940887780217321,-0.5931362021122483
62.20484569782297,0.022241055517755518,0.889644,0.0027864266524402913,-0.09887613474149891
62.34808594039875,0.02224087480772246,0.889644,0.009271242704201014,0.2306305768390007
62.462679251762765,0.022240630151799674,0.889644,0.013594371853400568,0.45030171789266715
62.54862518788762,0.044480776546824384,1.779288,0.02388984008454184,0.8932971452617781
62.66322140725945,0.04447997583439447,1.779288,0.030753218667826054,1.1886274301745188
62.80646995859723,0.04447872469236549,1.779288,0.03532838734267253,1.3855142867830126
62.92107198032102,0.04447752356290685,1.779288,0.03837809941608397,1.5167721911886751
63.0356773262583,0.06671421667251144,2.668932,0.047823471834893126,1.9008254607924502
63.150286455273196,0.06671188099816554,2.668932,0.0541196082226506,2.1568609738616336
63.293553885767444,0.06670858588994047,2.668932,0.05831593411174722,2.3275513159077557
63.4081732051616,0.06670564935254308,2.668932,0.06111250585867918,2.4413448772718374
63.49414113156837,0.08893769555151217,3.558576,0.07038756908962351,2.8137552515145585
63.66608666215446,0.08893075397384506,3.558576,0.07656863071769737,3.0620288343430393
63.75206465426042,0.08892698260113716,3.558576,0.08068808134551064,3.227544556228693
63.89536972203488,0.08892025158276523,3.558576,0.08343213809126218,3.3378883708191287
64.01002186690211,0.08891446583746374,3.558576,0.08525958067332937,3.411450913879419
64.12468170236941,0.08890832363432015,3.558576,0.08647582832699297,3.460492609252946
64.23934968926632,0.11112728112431466,4.448220000000001,0.09469297925943353,3.789735072835298
64.38269683835819,0.1111164999857429,4.448220000000001,0.10016748616820333,4.009230048556866
64.49738485243178,0.11110737345609355,4.448220000000001,0.10381411526416674,4.155560032371245
64.6407584962441,0.11109533809025607,4.448220000000001,0.10624118953952985,4.253113354914164
64.69811237839775,0.11109032876761854,4.448220000000001,0.10785756928222609,4.31814890327611
64.84150865128161,0.13329278086588636,5.337864,0.11633597314344618,4.658053935517406
64.95623804500116,0.13327968736432083,5.337864,0.12198387788373774,4.884657290344938
65.07097894101786,0.13326605806783878,5.337864,0.12574460461177142,5.035726193563292
65.18573180309421,0.15546054161403902,6.227508,0.13564991694586062,5.432986795708861
65.32919041517798,0.15543900433650604,6.227508,0.1422462794094091,5.697827197139241
65.44397189879541,0.1554210705706924,6.227508,0.1466378764631702,5.8743874647594945
65.55876685878589,0.1554025108428963,6.227508,0.14955942125641225,5.992094309839663
65.64487220279227,0.15538818012485417,6.227508,0.15150234087922623,6.070565539893109
65.78839907129226,0.1553635125964615,6.227508,0.15278939811830466,6.122879693262073
65.9032372567957,0.1775349412641829,7.117152,0.16103791250026409,6.454303795508049
66.01809078468196,0.1775108659548821,7.117152,0.16652889698513676,6.675253197005366
66.16167998256992,0.177479763846812,7.117152,0.1701791859390285,6.822552798003578
66.27656974229652,0.1774540754157361,7.117152,0.17260414909793104,6.9207525320023855
66.39147636707266,0.1774276695414906,7.117152,0.17421198924578424,6.986219021334924
66.53513408027989,0.17739365280531227,7.117152,0.17527254376562693,7.029863347556616
66.65008037006686,0.17736563149900453,7.117152,0.1759702396767528,7.058959565037744
66.73630213281882,0.1773441440114632,7.117152,0.17642820778832294,7.078357043358497
66.85128092215213,0.17731486507164995,7.117152,0.17672376021609862,7.091288695572332
66.99503149311904,0.17727725507168124,7.117152,0.17690825850129283,7.0999097970482214
67.11005419408042,0.19940215226083846,8.006796,0.18440622308780805,7.402205198032148
67.22509718115282,0.19936658260148826,8.006796,0.18939300959236813,7.603735465354766
67.3689301657234,0.19932098085311561,8.006796,0.19270233334595063,7.738088976903177
67.48402053366415,0.22142620796958534,8.896440000000002,0.20227695822049555,8.124205984602119
67.59913273360537,0.2213837578678257,8.896440000000002,0.20864589143627227,8.381617323068081
67.71426724288622,0.22134040567945729,8.896440000000002,0.21287739618400062,8.553224882045388
67.8582174805265,0.22128494607594681,8.896440000000002,0.21567991281464935,8.667629921363593
67.944605102958,0.2212509929107888,8.896440000000002,0.2175369395133625,8.74389994757573
68.05980941261735,0.24332542435930904,9.786084,0.22613310112867804,9.091294631717155
68.17503794939051,0.24327376181294885,9.786084,0.23184665469010166,9.322891087811437
68.29029119491868,0.24322110392893262,9.786084,0.23563813776971199,9.477288725207625
68.43439323375112,0.2431538808940284,9.786084,0.23814338547781747,9.58022048347175
68.54970383975737,0.24309898111656494,9.786084,0.2397952506907333,9.648841655647834
68.6938791111362,0.24302895359957613,9.786084,0.2408731516603476,9.694589103765223
68.80924953139608,0.24297180850890698,9.786084,0.24157270394320074,9.72508740251015
68.89579528455688,0.24292829410129302,9.786084,0.2420245673292315,9.745419601673435
69.01121393065847,0.24286940019740622,9.786084,0.24230617828528975,9.758974401115625
69.15552699305232,0.2648665920377649,10.675728,0.24982631620278148,10.064558934077084
69.27100984386058,0.2868665449870285,11.565372,0.26217305913086386,10.56482995605139
69.50206403602544,0.286718465416972,11.565372,0.27035486122623326,10.898343970700928
69.50206403602544,0.286718465416972,11.565372,0.2758093959564795,11.120686647133953
69.64653423985526,0.28662350705154205,11.565372,0.2794140996548337,11.268915098089302
69.76214516023548,0.2865462048492425,11.565372,0.28179146805297,11.367734065392868
69.84887395098912,0.28648744852062885,11.565372,0.28335679487552295,11.43361337692858
70.02238541394878,0.28636792919404486,11.565372,0.2843605063150303,11.477532917952388
70.10916850662869,0.2863071653583875,11.565372,0.28500939266281605,11.50681261196826
70.25384825818927,0.28620440316360723,11.565372,0.28540772949641313,11.52633240797884
70.36962976050675,0.28612085202968157,11.565372,0.2856454370075026,11.539345605319227
70.48544531907302,0.30803888492328124,12.455016,0.2931099196460955,11.844569070212819
70.60129543759096,0.3299425018843305,13.34466,0.3053874470588405,12.34459938014188
70.74615745516454,0.35180438515761975,14.234304,0.3208597597584336,12.974500920094586
70.862087182096,0.35169530111938563,14.234304,0.33113827354541764,13.394435280063059
70.97805311522302,0.3515847425098649,14.234304,0.3379537632002334,13.67439152004204
71.06505163179757,0.3515008550289988,14.234304,0.3424694604764886,13.86102901336136
71.21009563927446,0.3513591959905388,14.234304,0.3454327056478387,13.985454008907574
71.32617325334947,0.3512442052365206,14.234304,0.34736987217739934,14.068404005938383
71.44228911996545,0.35112773422260507,14.234304,0.3486224928591346,14.123704003958922
71.55844375434265,0.3510097814752659,14.234304,0.3494182557311784,14.16057066930595
71.7036923518113,0.3508602545750612,14.234304,0.3498989220124727,14.185148446203966
71.81993610522281,0.3726601475843753,15.123948,0.3574859972031069,14.498081630802645
71.93622031132678,0.37252969509998535,15.123948,0.3625005631687331,14.706703753868432
72.02346032678695,0.3724308181377534,15.123948,0.3658106481584065,14.845785169245623
72.16891217018996,0.3722640447204118,15.123948,0.3679617803457416,14.938506112830417
72.28532087125103,0.3721288434376376,15.123948,0.3693508013763736,15.00032007522028
72.4308916444609,0.3719576108133453,15.123948,0.37021973785536416,15.041529383480189
72.66394574511247,0.3935419140468598,16.013592,0.3779937965858627,15.36555025565346
72.69308987198015,0.39350449570474977,16.013592,0.38316402962549173,15.581564170435641
72.78053893804197,0.39339160820807234,16.013592,0.38657322248635195,15.725573446957094
72.92634350077982,0.41504587189849057,16.903236,0.3960641056237315,16.11812763130473
73.04303826129342,0.4148832044919297,16.903236,0.4023371385797976,16.379830420869823
73.13058949886225,0.4147600318797467,16.903236,0.406478103013114,16.55429894724655
73.247365137895,0.4145942372847987,16.903236,0.4091834811036756,16.670611298164367
73.39340078727798,0.41438447673195555,16.903236,0.4109171463131023,16.74815286544291
73.51028284926826,0.414214651790814,16.903236,0.41201631480567286,16.79984724362861
73.62721309521778,0.41404303201843357,16.903236,0.41269188720992644,16.834310162419072
73.74419207238024,0.41386961518202037,16.903236,0.4130844632006245,16.857285441612717
73.89048515897387,0.4136503135697371,16.903236,0.4132730799903287,16.87260229440848
