0.000000000000000000e+00
5.818984680915847418e-01
1.116782328018427695e+00
1.607306555425256134e+00
2.056231153437479087e+00
2.466229199643833692e+00
2.839946891632257664e+00
3.180015564963868169e+00
3.489059737617672852e+00
3.769702303610979133e+00
4.024567918384385656e+00
4.256285527925803613e+00
4.467490891215862625e+00
4.660829831646248422e+00
4.838962828930892357e+00
5.004571430674157995e+00
5.160366824693671362e+00
5.309100772026940973e+00
5.453578959079170119e+00
5.596676688107162789e+00
5.741356690680262886e+00
5.890688721024501362e+00
6.047870467037124165e+00
6.216249207857919679e+00
6.399343549420636101e+00
6.600864484412580779e+00
6.824734951491223001e+00
7.075107011349976993e+00
7.356375715157772888e+00
7.673188715347421862e+00
8.030450660962848985e+00
8.433321431607298635e+00
8.887207297804399886e+00
9.397744153431895953e+00
9.970772051091975285e+00
1.061230038627636141e+01
1.132846322438894049e+01
1.212546444813005664e+01
1.300951262379890316e+01
1.398674574388746805e+01
1.506314629992505871e+01
1.624444747021547286e+01
1.753603156762639870e+01
1.894282227404173824e+01
2.046917258025348829e+01
2.211875073821387616e+01
2.388474626256553535e+01
2.455629332048571811e+01
2.522428897149447380e+01
2.588900728733873535e+01
2.655069840883359333e+01
2.720959008309652916e+01
2.786588912486718783e+01
2.851978280411497479e+01
2.917144016217563163e+01
2.982101325878101861e+01
3.046863835232759854e+01
3.111443701580624577e+01
3.175851719081957825e+01
3.240097418209402491e+01
3.304189159491512839e+01
3.368134221788191240e+01
3.431938885335203793e+01
3.495608509789655471e+01
3.559147607507119204e+01
3.622559912273541727e+01
3.685848443710422373e+01
3.749015567567967366e+01
3.812063052109166961e+01
3.874992120790506789e+01
3.937803501427539743e+01
4.000497472037463353e+01
4.063073903534293407e+01
4.125532299454469154e+01
4.187871832873593547e+01
4.250091380681530495e+01
4.312189555360962601e+01
4.374164734420611467e+01
4.436015087620675246e+01
4.497738602124044860e+01
4.559333105698343047e+01
4.620796288093541904e+01
4.682125720704831195e+01
4.743318874632820581e+01
4.804373137243408109e+01
4.865285827324667167e+01
4.926054208934485956e+01
4.986675504025058814e+01
5.047146903929632344e+01
5.107465579785835530e+01
5.167628691972549149e+01
5.227633398630561601e+01
5.287476863328134158e+01
5.347156261936819988e+01
5.406668788776305234e+01
5.466011662078668820e+01
5.525182128827098182e+01
5.584177469016174911e+01
5.642994999375520848e+01
5.701632076606172461e+01
5.760086100160941669e+01
5.818354514611327488e+01
5.876434811633208000e+01
5.934324531644445955e+01
5.992021265124242291e+01
6.049522653641709269e+01
6.106826390619899314e+01
6.163930221862646874e+01
6.220831945860398804e+01
6.277529413902846755e+01
6.334020530014421269e+01
6.390303250729673579e+01
6.446375584729874220e+01
6.502235592350503168e+01
6.557881384978259121e+01
6.613311124349777970e+01
6.668523021763560621e+01
6.723515337216640830e+01
6.778286378475864637e+01
6.832834500095808039e+01
6.887158102387699898e+01
6.941255630351847117e+01
6.995125572577309470e+01
7.048766460117043664e+01
7.102176865345663259e+01
7.155355400802650934e+01
7.208300718027903997e+01
7.261011506393276704e+01
7.313486491935836398e+01
7.365724436193842450e+01
7.417724135049770950e+01
7.469484417584828861e+01
7.521004144945328562e+01
7.572282209224465532e+01
7.623317532361035376e+01
7.674109065056332213e+01
7.724655785712822365e+01
7.774956699392757287e+01
7.825010836800100833e+01
7.874817253286921925e+01
7.924375027881667677e+01
7.973683262345721801e+01
8.022741080251469725e+01
8.071547626089432015e+01
8.120102064399198127e+01
8.168403578926675834e+01
8.216451371808069837e+01
8.264244662778230577e+01
8.311782688407316755e+01
8.359064701359407934e+01
8.406089969680377294e+01
8.452857776107464360e+01
8.499367417404680225e+01
8.545618203723012130e+01
8.591609457983757636e+01
8.637340515284118680e+01
8.682810722327144504e+01
8.728019436873788095e+01
8.772966027214836515e+01
8.817649871666296235e+01
8.862070358083707333e+01
8.906226883397967242e+01
8.950118853168194732e+01
8.993745681156633509e+01
9.037106788918640632e+01
9.080201605413472521e+01
9.123029566629200815e+01
9.165590115226457613e+01
9.207882700197463066e+01
9.249906776539900477e+01
9.291661804946213010e+01
9.333147251507800490e+01
9.374362587432325711e+01
9.415307288773880146e+01
9.455980836177488413e+01
9.496382714634899003e+01
9.536512413251759313e+01
9.576369425027213822e+01
9.615953246644066610e+01
9.655263378269377483e+01
9.694299323364715804e+01
9.733060588506285171e+01
9.771546683214886286e+01
9.809757119793465563e+01
9.847691413174314334e+01
9.885349080773836761e+01
9.922729642354086366e+01
9.959832619894133643e+01
9.996657537465658550e+01
1.003320392111695440e+02
1.006947129876316751e+02
1.010545920008280945e+02
1.014116715641874578e+02
1.017659470068673357e+02
1.021174136728802893e+02
1.024660669202731498e+02
1.028119021203598464e+02
1.031549146569885522e+02
1.034950999258648210e+02
1.038324533339129090e+02
1.041669702986739452e+02
1.044986462477366729e+02
1.048274766182263136e+02
1.051534568562975664e+02
1.054765824166852184e+02
1.057968487622648723e+02
1.061142513636675631e+02
1.064287856988975562e+02
1.067404472529875932e+02
1.070492315176915810e+02
1.073551339911725222e+02
1.076581501777447016e+02
1.079582755876150344e+02
1.082555057366557634e+02
1.085498361461918932e+02
1.088412623428124846e+02
1.091297798581950644e+02
1.094153842289483975e+02
1.096980709964725236e+02
1.099778357068329910e+02
1.102546739106473694e+02
1.105285811629919692e+02
1.107995530233138624e+02
1.110675850553589044e+02
1.113326728271186283e+02
1.115948119107703889e+02
1.118539978826500345e+02
1.121102263232202318e+02
1.123634928170525313e+02
1.126137929528192387e+02
1.128611223232995542e+02
1.131054765253775116e+02
1.133468511600752464e+02
1.135852418325644493e+02
1.138206441522110595e+02
1.140530537326017537e+02
1.142824661916103963e+02
1.145088771514296297e+02
1.147322822386552730e+02
1.149526770843253018e+02
1.151700573240213714e+02
1.153844185979262562e+02
1.155957565509148424e+02
1.158040668326424196e+02
1.160093450976443989e+02
1.162115870054225155e+02
1.164107882205631199e+02
1.166069444128353894e+02
1.168000512573170795e+02
1.169901044345006369e+02
1.171770996304230152e+02
1.173610325367885281e+02
1.175418988511031273e+02
1.177196942768103014e+02
1.178944145234317773e+02
1.180660553067015286e+02
1.182346123487310621e+02
1.184000813781423318e+02
1.185624581302381557e+02
1.187217383471539449e+02
1.188779177780272533e+02
1.190309921791539551e+02
1.191809573141732272e+02
1.193278089542381224e+02
1.194715428781892541e+02
1.196121548727442132e+02
1.197496407326814563e+02
1.198839962610357048e+02
1.200152172692837098e+02
1.201432995775537194e+02
1.202682390148232514e+02
1.203900314191212004e+02
1.205086726377523547e+02
1.206241585274940462e+02
1.207364849548341255e+02
1.208456477961834423e+02
1.209516429381017133e+02
1.210544662775400866e+02
1.211541137220673079e+02
1.212505811901219772e+02
1.213438646112445269e+02
1.214339599263398100e+02
1.215208630879224927e+02
1.216045700603861235e+02
1.216850768202556452e+02
1.217623793564735735e+02
1.218364736706546125e+02
1.219073557773849359e+02
1.219750217044900182e+02
1.220394674933364882e+02
1.221006891991223142e+02
1.221586828911752605e+02
1.222134446532661229e+02
1.222649705839117900e+02
1.223132567967075630e+02
1.223582994206306722e+02
1.224000946003883428e+02
1.224386384967410066e+02
1.224739272868448836e+02
1.225059571646073948e+02
1.225347243410366644e+02
1.225602250446011539e+02
1.225824555215968417e+02
1.226014120365207987e+02
1.226170908724559467e+02
1.226294883314524355e+02
1.226386007349224059e+02
1.226444244240435353e+02
1.226469557601702007e+02
1.226461911252397243e+02
1.226421269222053922e+02
1.226347595754572097e+02
1.226240855312714046e+02
1.226101012582427074e+02
1.225928032477469145e+02
1.225721880143971987e+02
1.225482520965161797e+02
1.225209920566120161e+02
1.224904044818626687e+02
1.224564859846045124e+02
1.224192332028427614e+02
1.223786428007622646e+02
1.223347114692297168e+02
1.222874359263425248e+02
1.222368129179497203e+02
1.221828392181990068e+02
1.221255116300989130e+02
1.220648269860691926e+02
1.220007821485180557e+02
1.219333740104234494e+02
1.218625994959216285e+02
1.217884555609046942e+02
1.217109391936338625e+02
1.216300474153475477e+02
1.215457772809006940e+02
1.214581258793964906e+02
1.213670903348287595e+02
1.212726678067415236e+02
1.211748554909052871e+02
1.210736506199734634e+02
1.209690504641843347e+02
1.208610523320549532e+02
1.207496535710792074e+02
1.206348515684535698e+02
1.205166437518012117e+02
1.203950275899042879e+02
1.202700005934639478e+02
1.201415603158426961e+02
1.200097043538392114e+02
1.198744303484811553e+02
1.197357359857857801e+02
1.195936189975912782e+02
1.194480771623471469e+02
1.192991083059472857e+02
1.191467103025522931e+02
1.189908810754495789e+02
1.188316185978858357e+02
1.186689208939597791e+02
1.185027860394731363e+02
1.183332121628365883e+02
1.181601974459630640e+02
1.179837401251715221e+02
1.178038384921227220e+02
1.176204908947369603e+02
1.174336957381483160e+02
1.172434514856649628e+02
1.170497566597097148e+02
1.168526098428396125e+02
1.166520096786933323e+02
1.164479548730256226e+02
1.162404441947010838e+02
1.160294764767274671e+02
1.158150506172818694e+02
1.155971655807767746e+02
1.153758203988906956e+02
1.151510141716724149e+02
1.149227460685950604e+02
1.146910153296628465e+02
1.144558212665156987e+02
1.142171632635518250e+02
1.139750407790440363e+02
1.137294533462894748e+02
1.134804005747570272e+02
1.132278821512614542e+02
1.129718978411270314e+02
1.127124474893757053e+02
1.124495310219370481e+02
1.121831484468492732e+02
1.119132998554894414e+02
1.116399854237927087e+02
1.113632054135121479e+02
1.110829601734757830e+02
1.107992501408413943e+02
1.105120758423942391e+02
1.102214378958322811e+02
1.099273370110507813e+02
1.096297739914924279e+02
1.093287497354468059e+02
1.090242652373942889e+02
1.087163215893519350e+02
1.084049199822436549e+02
1.080900617072565097e+02
1.077717481572274352e+02
1.074499808280477566e+02
1.071247613200450672e+02
1.067960913394166198e+02
1.064639726996435627e+02
1.061284073229290357e+02
1.057893972416482029e+02
1.054469445998060166e+02
1.051010516544926361e+02
1.047517207773706076e+02
1.043989544561707561e+02
1.040427552961688207e+02
1.036831260217091994e+02
1.033200694777155348e+02
1.029535886312185227e+02
1.025836865728991967e+02
1.022103665186149897e+02
1.018336318109822400e+02
1.014534859209128257e+02
1.010699324492067319e+02
1.006829751281229761e+02
1.002926178229756999e+02
9.989886453372477604e+01
9.950171939658488895e+01
9.910118668564101085e+01
9.869727081447263117e+01
9.828997633777902365e+01
9.787930795300817977e+01
9.746527050202107034e+01
9.704786897271853263e+01
9.662710850071084678e+01
9.620299437097834527e+01
9.577553201954255258e+01
9.534472703512834357e+01
9.491058516086840768e+01
9.447311229595594284e+01
9.403231449736519210e+01
9.358819798152721603e+01
9.314076912603441372e+01
9.269003447134797113e+01
9.223600072248686388e+01
9.177867475076453729e+01
9.131806359547886132e+01
9.085417446563272392e+01
9.038701474165559091e+01
8.991659197712074558e+01
8.944291390046252843e+01
8.896598841670144964e+01
8.848582360916168454e+01
8.800242774119401190e+01
8.751580925790939602e+01
8.702597678787378754e+01
8.653293914485560379e+01
8.603670532953066186e+01
8.553728453119914832e+01
8.503468612950098304e+01
8.452891969612632295e+01
8.401999499652535519e+01
8.350792199160692064e+01
8.299271083944152849e+01
8.247437189695725124e+01
8.195291572161143279e+01
8.142835307310159010e+01
8.090069491501954246e+01
8.036995241651713684e+01
7.983613695398511823e+01
7.929926011268923958e+01
7.875933368842269999e+01
7.821636968912588372e+01
7.767038033653508933e+01
7.712137806775719184e+01
7.656937553691012965e+01
7.601438561668746274e+01
7.545642139993640285e+01
7.489549620122609497e+01
7.433162355839544944e+01
7.376481723407754032e+01
7.319509121723451983e+01
7.262245972463826149e+01
7.204693720237411014e+01
7.146853832729519240e+01
7.088727800847125593e+01
7.030317138862928061e+01
6.971623384554845870e+01
6.912648099345980768e+01
6.853392868440367636e+01
6.793859300958386882e+01
6.734049030068607067e+01
6.673963713117061047e+01
6.613605031755024299e+01
6.552974692064475448e+01
6.492074424679103117e+01
6.430905984903868955e+01
6.369471152832538507e+01
6.307771733460702990e+01
6.245809556796844930e+01
6.183586477970102635e+01
6.121104377334277302e+01
6.058365160570629371e+01
5.995370758784296328e+01
5.932123128600063922e+01
5.868624252253155049e+01
5.804876137677024417e+01
5.740880818586899181e+01
5.676640354560267099e+01
5.612156831113455269e+01
5.547432359773360844e+01
5.482469078146458230e+01
5.417269149982779908e+01
5.351834765235472702e+01
5.286168140118002157e+01
5.220271517153747709e+01
5.154147165223183436e+01
5.087797379607952308e+01
5.021224482025960612e+01
4.954430820666096480e+01
4.887418770215062835e+01
4.820190731881601920e+01
4.752749133413678351e+01
4.685096429110658534e+01
4.617235099833482082e+01
4.549167653005009271e+01
4.480896622607418323e+01
4.412424569174442723e+01
4.343754079776811494e+01
4.274887768002906796e+01
4.205828273932676353e+01
4.136578264107630787e+01
4.067140431493473329e+01
3.997517495435723589e+01
3.927712201612320086e+01
3.857727321977026946e+01
3.787565654699769624e+01
3.717230024095391627e+01
3.646723280553737823e+01
3.576048300455671125e+01
3.505207986087498995e+01
3.434205265546690100e+01
3.363043092641615317e+01
3.291724446783942426e+01
3.220252332875584500e+01
3.148629781186707532e+01
3.076859847228532274e+01
3.004945611618521184e+01
2.932890179938284447e+01
2.860696682584403305e+01
2.788368274612981779e+01
2.715908135575411109e+01
2.643319469348743667e+01
2.570605503956544169e+01
2.497769491384485008e+01
2.424814707386628854e+01
2.351744451286910476e+01
2.278562045769498212e+01
2.205270836665051704e+01
2.131874192727532247e+01
2.058375505403602546e+01
1.984778188595061721e+01
1.911085678413311228e+01
1.837301432926123468e+01
1.763428931897428598e+01
1.689471676517018750e+01
1.615433189127069724e+01
1.541317012936326059e+01
1.467126711729406985e+01
1.392865869567480885e+01
1.318538090481666103e+01
1.244146998158356965e+01
1.169696235616965829e+01
1.095189464881102204e+01
1.020630366639903919e+01
9.460226399039635581e+00
8.713700016532632375e+00
7.966761864764976053e+00
7.219449462042216936e+00
6.471800495333629222e+00
5.723852816463849358e+00
4.975644438204561482e+00
4.227213530307581735e+00
3.478598415479827732e+00
2.729837565260288645e+00
1.980969595835083918e+00
1.232033263795847322e+00
4.830674618227659978e-01
-2.658887857307229985e-01
-1.014796327250052865e+00
-1.763615888428882839e+00
-2.512308076813798863e+00
-3.260833386498178665e+00
-4.009152202807956478e+00
-4.757224807091224861e+00
-5.505011381562424866e+00
-6.252472014185091354e+00
-6.999566703647626120e+00
-7.746255364382003350e+00
-8.492497831604451264e+00
-9.238253866482487808e+00
-9.983483161286926588e+00
-1.072814534462912484e+01
-1.147219998675849517e+01
-1.221560660486995253e+01
-1.295832466849229014e+01
-1.370031360491562822e+01
-1.444153280465480549e+01
-1.518194162695819927e+01
-1.592149940535874819e+01
-1.666016545326120379e+01
-1.739789906956564280e+01
-1.813465954434125749e+01
-1.887040616449453267e+01
-1.960509821952086895e+01
-2.033869500723321977e+01
-2.107115583956214167e+01
-2.180244004835287086e+01
-2.253250699119083222e+01
-2.326131605726219576e+01
-2.398882667320749462e+01
-2.471499830901840511e+01
-2.543979048393198994e+01
-2.616316277234231791e+01
-2.688507480971956554e+01
-2.760548629854547187e+01
-2.832435701424972052e+01
-2.904164681112772328e+01
-2.975731562831258969e+01
-3.047132349567731779e+01
-3.118363053979737742e+01
-3.189419698985765450e+01
-3.260298318358246661e+01
-3.330994957313707516e+01
-3.401505673102910521e+01
-3.471826535598081875e+01
-3.541953627878348243e+01
-3.611883046816222276e+01
-3.681610903656427070e+01
-3.751133324596973040e+01
-3.820446451363816465e+01
-3.889546441787360465e+01
-3.958429470369007674e+01
-4.027091728850177788e+01
-4.095529426774093196e+01
-4.163738792046292758e+01
-4.231716071486628294e+01
-4.299457531382658715e+01
-4.366959458034111208e+01
-4.434218158292858192e+01
-4.501229960099109206e+01
-4.567991213013375784e+01
-4.634498288738093663e+01
-4.700747581639033967e+01
-4.766735509258339221e+01
-4.832458512818457308e+01
-4.897913057726638186e+01
-4.963095634064099215e+01
-5.028002757077312168e+01
-5.092630967652707596e+01
-5.156976832794209997e+01
-5.221036946084441155e+01
-5.284807928144005729e+01
-5.348286427080666527e+01
-5.411469118930120459e+01
-5.474352708090145825e+01
-5.536933927745275952e+01
-5.599209540283548137e+01
-5.661176337703366102e+01
-5.722831142013318839e+01
-5.784170805621707245e+01
-5.845192211716535979e+01
-5.905892274638299000e+01
-5.966267940240771850e+01
-6.026316186243364115e+01
-6.086034022575065450e+01
-6.145418491706374198e+01
-6.204466668970908927e+01
-6.263175662882203198e+01
-6.321542615431192047e+01
-6.379564702384269026e+01
-6.437239133559646120e+01
-6.494563153104547837e+01
-6.551534039752466754e+01
-6.608149107076012285e+01
-6.664405703726296792e+01
-6.720301213662152406e+01
-6.775833056368576024e+01
-6.830998687065596187e+01
-6.885795596903534488e+01
-6.940221313150615856e+01
-6.994273399367769173e+01
-7.047949455572526745e+01
-7.101247118392480218e+01
-7.154164061208705050e+01
-7.206697994285087816e+01
-7.258846664892162437e+01
-7.310607857413003785e+01
-7.361979393445375308e+01
-7.412959131887336639e+01
-7.463544969014967023e+01
-7.513734838549088124e+01
-7.563526711710376560e+01
-7.612918597263193021e+01
-7.661908541551687790e+01
-7.710494628521001914e+01
-7.758674979731311794e+01
-7.806447754360775093e+01
-7.853811149197217389e+01
-7.900763398618364874e+01
-7.947302774565470429e+01
-7.993427586504650151e+01
-8.039136181376643719e+01
-8.084426943539914134e+01
-8.129298294701142424e+01
-8.173748693838147972e+01
-8.217776637110981142e+01
-8.261380657767070090e+01
-8.304559326032097033e+01
-8.347311248996196298e+01
-8.389635070489424606e+01
-8.431529470947405969e+01
-8.472993167268445802e+01
-8.514024912663583677e+01
-8.554623496497757174e+01
-8.594787744119756212e+01
-8.634516516688486831e+01
-8.673808710987566428e+01
-8.712663259234456348e+01
-8.751079128880435576e+01
-8.789055322404195181e+01
-8.826590877096302279e+01
-8.863684864839977706e+01
-8.900336391879353926e+01
-8.936544598587673249e+01
-8.972308659223182303e+01
-9.007627781681438250e+01
-9.042501207241275551e+01
-9.076928210303091760e+01
-9.110908098122557419e+01
-9.144440210540030023e+01
-9.177523919700247745e+01
-9.210158629770322136e+01
-9.242343776653289922e+01
-9.274078827691620575e+01
-9.305363281371506901e+01
-9.336196667020733742e+01
-9.366578544499773784e+01
-9.396508503893348063e+01
-9.425986165192630040e+01
-9.455011177979373826e+01
-9.483583221100974470e+01
-9.511702002345951712e+01
-9.539367258114252479e+01
-9.566578753085552478e+01
-9.593336279884576356e+01
-9.619639658741566279e+01
-9.645488737154121850e+01
-9.670883389544469821e+01
-9.695823516912571449e+01
-9.720309046492999983e+01
-9.744339931403268906e+01
-9.767916150295906164e+01
-9.791037707005645530e+01
-9.813704630198427026e+01
-9.835916973015467590e+01
-9.857674812719562851e+01
-9.878978250340385614e+01
-9.899827410316659382e+01
-9.920222440140460662e+01
-9.940163510000832048e+01
-9.959650812425873312e+01
-9.978684561926148433e+01
-9.997264994637464497e+01
-1.001539236796536159e+02
-1.003306696022788174e+02
-1.005028907030126817e+02
-1.006705901726349737e+02
-1.008337714004253058e+02
-1.009924379706180133e+02
-1.011465936588957675e+02
-1.012962424288699310e+02
-1.014413884286033749e+02
-1.015820359871332101e+02
-1.017181896110010939e+02
-1.018498539808094421e+02
-1.019770339478106536e+02
-1.020997345304918156e+02
-1.022179609111892375e+02
-1.023317184327175937e+02
-1.024410125950457626e+02
-1.025458490519686592e+02
-1.026462336078029125e+02
-1.027421722141363603e+02
-1.028336709665796036e+02
-1.029207361015262734e+02
-1.030033739930127155e+02
-1.030815911495037085e+02
-1.031553942107865964e+02
-1.032247899448765196e+02
-1.032897852449257527e+02
-1.033503871261916061e+02
-1.034066027230187501e+02
-1.034584392858722026e+02
-1.035059041783816554e+02
-1.035490048744307074e+02
-1.035877489552877790e+02
-1.036221441067394267e+02
-1.036521981162983934e+02
-1.036779188704199584e+02
-1.036993143517571667e+02
-1.037163926364548701e+02
-1.037291618914956643e+02
-1.037376303720323705e+02
-1.037418064188277498e+02
-1.037416984556625721e+02
-1.037373149868154485e+02
-1.037286645945933827e+02
-1.037157559368538955e+02
-1.036985977446117175e+02
-1.036771988196539098e+02
-1.036515680321842439e+02
-1.036217143185416063e+02
-1.035876466789292181e+02
-1.035493741751731847e+02
-1.035069059285558097e+02
-1.034602511176257451e+02
-1.034094189761257923e+02
-1.033544187908677543e+02
-1.032952598997356546e+02
-1.032319516896357641e+02
-1.031645035945635271e+02
-1.030929250936567172e+02
-1.030172257092890788e+02
-1.029374150052515517e+02
-1.028535025848782283e+02
-1.027654980892913414e+02
-1.026734111956558309e+02
-1.025772516154453911e+02
-1.024770290927746146e+02
-1.023727534027477901e+02
-1.022644343498632509e+02
-1.021520817664238336e+02
-1.020357055110057587e+02
-1.019153154669551782e+02
-1.017909215409061545e+02
-1.016625336613520005e+02
-1.015301617772373959e+02
-1.013938158565738661e+02
-1.012535058851280922e+02
-1.011092418650823959e+02
-1.009610338137838994e+02
-1.008088917624813661e+02
-1.006528257551193519e+02
-1.004928458471737542e+02
-1.003289621044599471e+02
-1.001611846020496444e+02
-9.998952342315408259e+01
-9.981398865807254595e+01
-9.963459040315461834e+01
-9.945133875978746119e+01
-9.926424383344054547e+01
-9.907331573268761815e+01
-9.887856456829656793e+01
-9.868000045234036577e+01
-9.847763349730378479e+01
-9.827147381527913694e+01
-9.806153151710977056e+01
-9.784781671162288319e+01
-9.763033950484275181e+01
-9.740910999926215652e+01
-9.718413829311707275e+01
-9.695543447969612316e+01
-9.672300864665636766e+01
-9.648687087538434071e+01
-9.624703124036295776e+01
-9.600349980857606624e+01
-9.575628663890346104e+01
-9.550540178158937010e+01
-9.525085527766573534e+01
-9.499265715845872649e+01
-9.473081744506829693e+01
-9.446534614789979400e+01
-9.419625326619640759e+01
-9.392354878758847292e+01
-9.364724268767949411e+01
-9.336734492962611398e+01
-9.308386546376402748e+01
-9.279681422721449735e+01
-9.250620114354583734e+01
-9.221203612242487679e+01
-9.191432905931007724e+01
-9.161308983510518544e+01
-9.130832831591744991e+01
-9.100005435274617582e+01
-9.068827778122981442e+01
-9.037300842139558199e+01
-9.005425607744935235e+01
-8.973203053750341951e+01
-8.940634157342103094e+01
-8.907719894060768695e+01
-8.874461237780856493e+01
-8.840859160697321784e+01
-8.806914633307297890e+01
-8.772628624396784858e+01
-8.738002101027495883e+01
-8.703036028523290213e+01
-8.667731370461224571e+01
-8.632089088658587173e+01
-8.596110143167085482e+01
-8.559795492261909544e+01
-8.523146092436479648e+01
-8.486162898395244270e+01
-8.448846863048967748e+01
-8.411198937510437190e+01
-8.373220071089880889e+01
-8.334911211294092936e+01
-8.296273303823218725e+01
-8.257307292570253310e+01
-8.218014119619991220e+01
-8.178394725250190334e+01
-8.138450047932968801e+01
-8.098181024336048495e+01
-8.057588589324583950e+01
-8.016673675965469670e+01
-7.975437215531114532e+01
-7.933880137502328012e+01
-7.892003369575729721e+01
-7.849807837666406840e+01
-7.807294465915779824e+01
-7.764464176697838127e+01
-7.721317890626127678e+01
-7.677856526560890416e+01
-7.634081001617576590e+01
-7.589992231175573068e+01
-7.545591128885092758e+01
-7.500878606679708582e+01
-7.455855574784008866e+01
-7.410522941723189660e+01
-7.364881614335278925e+01
-7.318932497779702828e+01
-7.272676495551145592e+01
-7.226114509487973692e+01
-7.179247439786419704e+01
-7.132076185011530356e+01
-7.084601642108860631e+01
-7.036824706418894948e+01
-6.988746271687602984e+01
-6.940367230080964589e+01
-6.891688472198001136e+01
-6.842710887083902094e+01
-6.793435362243803866e+01
-6.743862783657263549e+01
-6.693994035791202180e+01
-6.643830001615427250e+01
-6.593371562614285608e+01
-6.542619598806089698e+01
-6.491574988752351771e+01
-6.440238609576431372e+01
-6.388611336976204313e+01
-6.336694045240166417e+01
-6.284487607262065723e+01
-6.231992894556490370e+01
-6.179210777273274857e+01
-6.126142124214077000e+01
-6.072787802846859506e+01
-6.019148679320956319e+01
-5.965225618483648162e+01
-5.911019483895496762e+01
-5.856531137845214374e+01
-5.801761441365615468e+01
-5.746711254249314038e+01
-5.691381435064408123e+01
-5.635772841171017689e+01
-5.579886328734077949e+01
-5.523722752742048669e+01
-5.467282967021152018e+01
-5.410567824251106117e+01
-5.353578175981129306e+01
-5.296314872643946359e+01
-5.238778763574358521e+01
-5.180970697021434290e+01
-5.122891520166150769e+01
-5.064542079136046482e+01
-5.005923219020439063e+01
-4.947035783886389027e+01
-4.887880616792553923e+01
-4.828458559806560402e+01
-4.768770454017798244e+01
-4.708817139554756892e+01
-4.648599455597633323e+01
-4.588118240395159120e+01
-4.527374331278399922e+01
-4.466368564676331943e+01
-4.405101776129004065e+01
-4.343574800304119066e+01
-4.281788471010263208e+01
-4.219743621210427165e+01
-4.157441083038887086e+01
-4.094881687813266780e+01
-4.032066266048804692e+01
-3.968995647473679611e+01
-3.905670661041324365e+01
-3.842092134945519177e+01
-3.778260896632362886e+01
-3.714177772815558143e+01
-3.649843589488841644e+01
-3.585259171940126066e+01
-3.520425344763883402e+01
-3.455342931874361767e+01
-3.390012756518655124e+01
-3.324435641290192933e+01
-3.258612408139867966e+01
-3.192543878390317502e+01
-3.126230872747633782e+01
-3.059674211313306813e+01
-2.992874713596984293e+01
-2.925833198528872003e+01
-2.858550484470898567e+01
-2.791027389228004907e+01
-2.723264730062104633e+01
-2.655263323701133871e+01
-2.587023986351983140e+01
-2.518547533710864172e+01
-2.449834780975206527e+01
-2.380886542854486621e+01
-2.311703633579739403e+01
-2.242286866916604282e+01
-2.172637056174710679e+01
-2.102755014217279950e+01
-2.032641553473086304e+01
-1.962297485944879938e+01
-1.891723623221269079e+01
-1.820920776484794956e+01
-1.749889756524195761e+01
-1.678631373739758459e+01
-1.607146438157282375e+01
-1.535435759434424874e+01
-1.463500146871606056e+01
-1.391340409419620805e+01
-1.318957355689009958e+01
-1.246351793960076115e+01
-1.173524532189074598e+01
-1.100476378018837842e+01
-1.027208138785091407e+01
-9.537206215271670118e+00
-8.800146329933419054e+00
-8.060909796501260161e+00
-7.319504676899247109e+00
-6.575939030383375794e+00
-5.830220913614069467e+00
-5.082358380738783765e+00
-4.332359483451721616e+00
-3.580232271072007588e+00
-2.825984790603940144e+00
-2.069625086815363613e+00
-1.311161202291613703e+00
-5.506011775109442841e-01
2.120469491054965683e-01
9.767751411100313863e-01
1.743575363999534167e+00
2.512439585124760733e+00
3.283359773657127167e+00
4.056327900525333874e+00
4.831335938351798198e+00
5.608375861417840724e+00
6.387439645588347759e+00
7.168519268289714752e+00
8.387702659369319136e+00
9.674458370563737475e+00
1.047848622494866966e+01
1.070786468752650400e+01
1.092145523539394780e+01
1.112014658690384827e+01
1.130478581131919213e+01
1.147617990542553734e+01
1.163509733534971957e+01
1.178226954206694188e+01
1.191839240954608314e+01
1.204412769462209098e+01
1.216010441790910868e+01
1.226692021530728915e+01
1.236514264980944944e+01
1.245531048341706892e+01
1.253793490925168896e+01
1.261350074394217913e+01
1.268246758051619061e+01
1.274527090223566717e+01
1.280232315772829210e+01
1.285401479801627467e+01
1.290071527597994638e+01
1.294277400900485375e+01
1.298052130543088190e+01
1.301426925570246773e+01
1.304431258886058309e+01
1.307092949541478966e+01
1.309438241728508245e+01
1.311491880582920189e+01
1.313277184878950976e+01
1.314816116712683502e+01
1.316129348261017995e+01
1.317236325712499401e+01
1.318155330463341812e+01
1.318903537665528525e+01
1.319497072221305878e+01
1.319951062316913593e+01
1.320279690575761933e+01
1.320496242926556008e+01
1.320613155268342354e+01
1.320642058015753051e+01
1.320593818607481928e+01
1.320478582057599937e+01
1.320305809626066207e+01
1.320084315687270049e+01
1.319822302865118502e+01
1.319527395510203682e+01
1.319206671587819990e+01
1.318866693037012183e+01
1.318513534675292753e+01
1.318152811704174709e+01
1.317789705875937223e+01
1.317428990382750165e+01
1.317075053522014016e+01
1.316731921189952637e+01
1.316403278260271570e+01
1.316092488889815115e+01
1.315802615805699105e+01
1.315536438617641579e+01
1.315296471196170991e+01
1.315084978165417340e+01
1.314903990543512613e+01
1.314755320577097031e+01
1.314640575798737387e+01
1.314561172350803275e+01
1.314518347606136572e+01
1.314513172115382211e+01
1.314546560920900653e+01
1.314619284256822773e+01
1.314731977670550300e+01
1.314885151594005031e+01
1.315079200384696279e+01
1.315314410868696626e+01
1.315590970402546311e+01
1.315908974487359018e+01
1.316268433942203764e+01
1.316669281674750280e+01
1.317111379053249109e+01
1.317594521913289363e+01
1.318118446205618532e+01
1.318682833311086533e+01
1.319287315035238528e+01
1.319931478299837480e+01
1.320614869546353098e+01
1.321336998865996648e+01
1.322097343870337660e+01
1.322895353316162037e+01
1.323730450496511857e+01
1.324602036410544592e+01
1.325509492724555116e+01
1.326452184532050005e+01
1.327429462928274440e+01
1.328440667406028730e+01
1.329485128080940903e+01
1.330562167761247316e+01
1.331671103862692540e+01
1.332811250184681384e+01
1.333981918549766021e+01
1.335182420317523366e+01
1.336412067777394341e+01
1.337670175430847586e+01
1.338956061163193212e+01
1.340269047321415030e+01
1.341608461691866516e+01
1.342973638390756363e+01
1.344363918674642733e+01
1.345778651667329306e+01
1.347217195018477653e+01
1.348678915488694763e+01
1.350163189473982150e+01
1.351669403465535346e+01
1.353196954457683887e+01
1.354745250299275483e+01
1.356313709997020922e+01
1.357901763973922371e+01
1.359508854282602996e+01
1.361134434780205282e+01
1.362777971266371679e+01
1.364438941586192655e+01
1.366116835701210519e+01
1.367811155732539063e+01
1.369521415973661682e+01
1.371247142882252845e+01
1.372987875044800532e+01
1.374743163123790524e+01
1.376512569781782247e+01
1.378295669592661454e+01
1.380092048930281834e+01
1.381901305849740247e+01
1.383723049948626382e+01
1.385556902222630171e+01
1.387402494904936390e+01
1.389259471299239124e+01
1.391127485605321112e+01
1.393006202732828847e+01
1.394895298113694260e+01
1.396794457505378340e+01
1.398703376790910191e+01
1.400621761774549334e+01
1.402549327974614890e+01
1.404485800413291940e+01
1.406430913403198169e+01
1.408384410336316783e+01
1.410346043467815313e+01
1.412315573701508775e+01
1.414292770375221409e+01
1.416277411046660895e+01
1.418269281280805139e+01
1.420268174435707031e+01
1.422273891453386518e+01
1.424286240651220048e+01
1.426305037513989937e+01
1.428330104490343899e+01
1.430361270789933137e+01
1.432398372185925872e+01
1.434441250817581981e+01
1.436489754996348722e+01
1.438543739017824841e+01
1.440603062974071946e+01
1.442667592569316959e+01
1.444737198942248746e+01
1.446811758488074062e+01
1.448891152687278350e+01
1.450975267935838353e+01
1.453063995381457474e+01
1.455157230759977516e+01
1.457254874239539255e+01
1.459356830267073590e+01
1.461463007416838700e+01
1.463573318244741195e+01
1.465687679146652656e+01
1.467806010218698098e+01
1.469928235122807969e+01
1.472054280954883154e+01
1.474184078117802343e+01
1.476317560196839374e+01
1.478454663838782857e+01
1.480595328636694319e+01
1.482739497014512509e+01
1.484887114117861451e+01
1.487038127707327817e+01
1.489192488054218266e+01
1.491350147842461205e+01
1.493511062069049800e+01
1.495675187952269170e+01
1.497842484839361354e+01
1.500012914120115504e+01
1.502186439140741747e+01
1.504363025122810704e+01
1.506542639083488311e+01
1.508725249759411824e+01
1.510910827532311806e+01
1.513099344358535170e+01
1.515290773699813087e+01
1.517485090457081931e+01
1.519682270907414079e+01
1.521882292640935930e+01
1.524085134503529027e+01
1.526290776538557559e+01
1.528499199931399311e+01
1.530710386959119873e+01
1.532924320937141793e+01
1.535140986172226363e+01
1.537360367913675496e+01
1.539582452310999727e+01
1.541807226367630079e+01
1.544034677901945329e+01
1.546264795505788570e+01
1.548497568506802580e+01
1.550732986932181845e+01
1.552971041472260616e+01
1.555211723449178329e+01
1.557455024781185315e+01
1.559700937955378564e+01
1.561949455996411196e+01
1.564200572436791425e+01
1.566454281293116146e+01
1.568710577037453291e+01
1.570969454574216684e+01
1.573230909215792295e+01
1.575494936660437517e+01
1.577761532970468394e+01
1.580030694551809667e+01
1.582302418135197541e+01
1.584576700756246126e+01
1.586853539739169783e+01
1.589132932678290189e+01
1.591414877423617646e+01
1.593699372064208220e+01
1.595986414915122253e+01
1.598276004501967584e+01
1.600568139548795443e+01
1.602862818966168845e+01
1.605160041838632168e+01
1.607459807412770303e+01
1.609762115088942735e+01
1.612066964409212133e+01
1.614374355049358556e+01
1.616684286808501625e+01
1.618996759601882474e+01
1.621311773453371430e+01
1.623629328486435242e+01
1.625949424918218611e+01
1.628272063052479979e+01
1.630597243274389996e+01
1.632924966043157511e+01
1.635255231887820671e+01
1.637588041401839689e+01
1.639923395238308501e+01
1.642261294106157976e+01
1.644601738764322008e+01
1.646944730020243242e+01
1.649290268724226749e+01
1.651638355768133337e+01
1.653988992080824616e+01
1.656342178625963868e+01
1.658697916399888683e+01
1.661056206428856186e+01
1.663417049766677280e+01
1.665780447493273186e+01
1.668146400712993582e+01
1.670514910553102794e+01
1.672885978161373188e+01
1.675259604706397809e+01
1.677635791375335828e+01
1.680014539373908633e+01
1.682395849924720110e+01
1.684779724267092149e+01
1.687166163656200624e+01
1.689555169363430664e+01
1.691946742674387849e+01
1.694340884890686638e+01
1.696737597327688007e+01
1.699136881316584891e+01
1.701538738202477674e+01
1.703943169345411235e+01
1.706350176120025353e+01
1.708759759916911847e+01
1.711171922140605517e+01
1.713586664212201072e+01
1.716003987568512912e+01
1.718423893662478719e+01
1.720846383963650439e+01
1.723271459958557372e+01
1.725699123151657233e+01
1.728129375064862927e+01
1.730562217239234002e+01
1.732997651234333247e+01
1.735435678629129086e+01
1.737876301023558057e+01
1.740319520037091650e+01
1.742765337311055518e+01
1.745213754508126414e+01
1.747664773313225339e+01
1.750118395433967677e+01
1.752574622601633791e+01
1.755033456570362915e+01
1.757494899119308229e+01
1.759958952051961489e+01
1.762425617197443373e+01
1.764894896410310565e+01
1.767366791570137252e+01
1.769841304584422303e+01
1.772318437386758916e+01
1.774798191937809833e+01
1.777280570226252010e+01
1.779765574267955586e+01
1.782253206106501864e+01
1.784743467814605822e+01
1.787236361492985282e+01
1.789731889270880671e+01
1.792230053306979087e+01
1.794730855787432233e+01
1.797234298928932361e+01
1.799740384976010432e+01
1.802249116202769130e+01
1.804760494912166635e+01
1.807274523435827618e+01
1.809791204134425868e+01
1.812310539397728704e+01
1.814832531642856850e+01
1.817357183316364555e+01
1.819884496892366244e+01
1.822414474872993040e+01
1.824947119787529104e+01
1.827482434193348837e+01
1.830020420673456982e+01
1.832561081838439065e+01
1.835104420324281094e+01
1.837650438792676155e+01
1.840199139930713557e+01
1.842750526449604465e+01
1.845304601085010887e+01
1.847861366596054111e+01
1.850420825764382826e+01
1.852982981394541184e+01
1.855547836312861776e+01
1.858115393366021451e+01
1.860685655421675477e+01
1.863258625366423260e+01
1.865834306106681240e+01
1.868412700566834062e+01
1.870993811688142472e+01
1.873577642429186341e+01
1.876164195765082709e+01
1.878753474684294389e+01
1.881345482191117213e+01
1.883940221303359408e+01
1.886537695050171592e+01
1.889137906474271134e+01
1.891740858628466171e+01
1.894346554575595576e+01
1.896954997388470687e+01
1.899566190147888634e+01
1.902180135942745309e+01
1.904796837867945314e+01
1.907416299025106454e+01
1.910038522520425275e+01
1.912663511464354116e+01
1.915291268970784344e+01
1.917921798156401536e+01
1.920555102138484571e+01
1.923191184036981127e+01
1.925830046969744558e+01
1.928471694055289731e+01
1.931116128410043942e+01
1.933763353147599418e+01
1.936413371378824522e+01
1.939066186210619946e+01
1.941721800744625526e+01
1.944380218077473899e+01
1.947041441299159459e+01
1.949705473492996788e+01
1.952372317734183937e+01
1.955041977089774718e+01
1.957714454618059463e+01
1.960389753366962751e+01
1.963067876374314835e+01
1.965748826667016402e+01
1.968432607260325895e+01
1.971119221157094614e+01
1.973808671347653743e+01
1.976500960808943930e+01
1.979196092504148652e+01
1.981894069381364432e+01
1.984594894375250362e+01
1.987298570403637754e+01
1.990005100369407742e+01
1.992714487159489778e+01
1.995426733643149220e+01
1.998141842673362589e+01
2.000859817086028158e+01
2.003580659698505428e+01
2.006304373310595679e+01
2.009030960703756108e+01
2.011760424640641176e+01
2.014492767864906497e+01
2.017227993101097283e+01
2.019966103055049089e+01
2.022707100411595604e+01
2.025450987837359307e+01
2.028197767977759369e+01
2.030947443458714829e+01
2.033700016886077933e+01
2.036455490845100158e+01
2.039213867900442878e+01
2.041975150596273281e+01
2.044739341457142956e+01
2.047506442985493180e+01
2.050276457664237739e+01
2.053049387955402594e+01
2.055825236299968495e+01
2.058604005119070024e+01
2.061385696812676116e+01
2.064170313760600450e+01
2.066957858321568509e+01
2.069748332834926430e+01
2.072541739619347112e+01
2.075338080972968768e+01
2.078137359174271026e+01
2.080939576481959818e+01
2.083744735134846948e+01
2.086552837351456446e+01
2.089363885332181781e+01
2.092177881257223504e+01
2.094994827287825956e+01
2.097814725566902183e+01
2.100637578218129420e+01
2.103463387346221225e+01
2.106292155039285063e+01
2.109123883365487018e+01
2.111958574376688702e+01
2.114796230106148656e+01
2.117636852570721473e+01
2.120480443769559642e+01
2.123327005685030144e+01
2.126176540284090422e+01
2.129029049515360583e+01
2.131884535312924100e+01
2.134742999595179214e+01
2.137604444264184522e+01
2.140468871207950130e+01
2.143336282298615814e+01
2.146206679394260419e+01
2.149080064338277651e+01
2.151956438960415241e+01
2.154835805076415767e+01
2.157718164488883517e+01
2.160603518986718541e+01
2.163491870346367918e+01
2.166383220331795911e+01
2.169277570693952839e+01
2.172174923172869399e+01
2.175075279495861125e+01
2.177978641379927893e+01
2.180885010529127399e+01
2.183794388638529682e+01
2.186706777391714951e+01
2.189622178462120061e+01
2.192540593512995528e+01
2.195462024197755113e+01
2.198386472161162075e+01
2.201313939037753542e+01
2.204244426453603012e+01
2.207177936026040044e+01
2.210114469364093281e+01
2.213054028068140511e+01
2.215996613731344667e+01
2.218942227939071543e+01
2.221890872268747330e+01
2.224842548290594024e+01
2.227797257569201150e+01
2.230755001661067283e+01
2.233715782116405180e+01
2.236679600479652308e+01
2.239646458289036346e+01
2.242616357076642686e+01
2.245589298369779740e+01
2.248565283689215022e+01
2.251544314551740555e+01
2.254526392467782614e+01
2.257511518944505724e+01
2.260499695483249383e+01
2.263490923581533565e+01
2.266485204732125780e+01
2.269482540424563055e+01
2.272482932143543621e+01
2.275486381370754074e+01
2.278492889584008907e+01
2.281502458257313393e+01
2.284515088861965637e+01
2.287530782866229373e+01
2.290549541734969452e+01
2.293571366930250122e+01
2.296596259911758509e+01
2.299624222135954454e+01
2.302655255057712580e+01
2.305689360129171561e+01
2.308726538799880146e+01
2.311766792518132263e+01
2.314810122729119612e+01
2.317856530877472920e+01
2.320906018404425453e+01
2.323958586751206212e+01
2.327014237356458537e+01
2.330072971657369507e+01
2.333134791089668525e+01
2.336199697088248328e+01
2.339267691085800038e+01
2.342338774515136635e+01
2.345412948806704279e+01
2.348490215390376434e+01
2.351570575695004095e+01
2.354654031148456284e+01
2.357740583177845295e+01
2.360830233209360429e+01
2.363922982668075079e+01
2.367018832978871501e+01
2.370117785566140967e+01
2.373219841852588274e+01
2.376325003260746627e+01
2.379433271213154910e+01
2.382544647131414450e+01
2.385659132435986507e+01
2.388776728547960460e+01
2.391897436887209238e+01
2.395021258873465797e+01
2.398148195925824666e+01
2.401278249463299375e+01
2.404411420904167329e+01
2.407547711666435220e+01
2.410687123167699042e+01
2.413829656825538095e+01
2.416975314057442148e+01
2.420124096279364068e+01
2.423276004908332837e+01
2.426431041360208951e+01
2.429589207050658217e+01
2.432750503395424602e+01
2.435914931809636386e+01
2.439082493708230714e+01
2.442257241380008637e+01
2.445435331270754631e+01
2.448617331659093921e+01
2.451803581141323818e+01
2.454994429312339932e+01
2.458190236561618391e+01
2.461389687333019793e+01
2.464585991444213420e+01
2.467785459385491009e+01
2.470988091604980852e+01
2.474193888611458902e+01
2.477402850971455806e+01
2.480614979305695655e+01
2.483830274287427997e+01
2.487048736638976365e+01
2.490270367129056694e+01
2.493495166570736288e+01
2.496723135819160433e+01
2.499954275768469003e+01
2.503188587351033334e+01
2.506426071533863364e+01
2.509666729318200140e+01
2.512910561736210013e+01
2.516157569850248521e+01
2.519407754750841377e+01
2.522661117554585530e+01
2.525917659403477700e+01
2.529177381463195928e+01
2.532440284921120721e+01
2.535706370985255020e+01
2.538975640883941054e+01
2.542248095862949953e+01
2.545523737186070790e+01
2.548802566132674841e+01
2.552084583997547540e+01
2.555369792089384973e+01
2.558658191730432918e+01
2.561949784255370233e+01
2.565244571010006425e+01
2.568542553351321800e+01
2.571843732646363989e+01
2.575148110271953783e+01
2.578455687612675717e+01
2.581766466062375542e+01
2.585080447022266981e+01
2.588397631900137696e+01
2.591718022110913111e+01
2.595041619075585615e+01
2.598368424220806716e+01
2.601698438978877803e+01
2.605031664786705292e+01
2.608368103085989631e+01
2.611707755322800750e+01
2.615050622947362413e+01
2.618396707413381108e+01
2.621746010178786079e+01
2.625098532704685894e+01
2.628454276455074634e+01
2.631813242896968319e+01
2.635175433500902287e+01
2.638540849739261418e+01
2.641909493088172667e+01
2.645281365025445908e+01
2.648656467031797490e+01
2.652034800590874042e+01
2.655416367187962834e+01
2.658801168311208940e+01
2.662189205451316809e+01
2.665580480101005278e+01
2.668974993755586311e+01
2.672372747913394875e+01
2.675773744074926341e+01
2.679177983743216984e+01
2.682585468424197472e+01
2.685996199626075054e+01
2.689410178861006528e+01
2.692827407643168058e+01
2.696247887490780926e+01
2.699671619924611932e+01
2.703098606468800824e+01
2.706528848651609209e+01
2.709962348004905408e+01
2.713399106063792487e+01
2.716839124368383906e+01
2.720282404462603054e+01
2.723728947894758079e+01
2.727178756217825395e+01
2.730631830989652542e+01
2.734088173773730190e+01
2.737547786137965034e+01
2.741010669656442289e+01
2.744476825908355977e+01
2.747946256479781013e+01
2.751418962962796400e+01
2.754894946955176493e+01
2.758374210062204668e+01
2.761856753896434213e+01
2.765342580076890755e+01
2.768831690230697262e+01
2.772324085993012233e+01
2.775819769006571036e+01
2.779318740922406406e+01
2.782821003400770721e+01
2.786326558110514284e+01
2.789835406730115963e+01
2.793347550947050451e+01
2.796862992458860120e+01
2.800381732972947191e+01
2.803903774208026789e+01
2.807429117892255377e+01
2.810957765765539662e+01
2.814489719579171023e+01
2.818024981095966908e+01
2.821563552089859783e+01
2.825105434347936750e+01
2.828650629669654748e+01
2.832199139866715498e+01
2.835750966764647885e+01
2.839306112201128940e+01
2.842864578028674671e+01
2.846426366113249884e+01
2.849991478335077844e+01
2.853559916589238910e+01
2.857131682784265791e+01
2.860706778845330334e+01
2.864285206711831933e+01
2.867866968339261646e+01
2.871452065698900924e+01
2.875040500777476993e+01
2.878632275578586786e+01
2.882227392121983556e+01
2.885825852444770945e+01
2.889427658599869986e+01
2.893032812658632835e+01
2.896641316708874569e+01
2.900253172856013251e+01
2.903868383224236283e+01
2.907486949954067512e+01
