0.000000000000000000e+00
1.662375053749265696e-01
3.190399451111730622e-01
4.591616259350575491e-01
5.873866033853488711e-01
7.044739756427100819e-01
8.111751596499643391e-01
9.082374360326032070e-01
9.964063475358210242e-01
1.076427271209136727e+00
1.149046461960835375e+00
1.215011839496845436e+00
1.275073761681126960e+00
1.329985995066277349e+00
1.380507058115109320e+00
1.427402075022346617e+00
1.471445238758282148e+00
1.513422941732928573e+00
1.554137592110730104e+00
1.594412094016655734e+00
1.635094931367082172e+00
1.677065758454057587e+00
1.721241366215343183e+00
1.768581861811793221e+00
1.820096871058324961e+00
1.876851548724713270e+00
1.939972161015520724e+00
2.010650987930568956e+00
2.090150280947399519e+00
2.179805003955659792e+00
2.281024082970352751e+00
2.395289893391409297e+00
2.524155723126766837e+00
2.669240966379967439e+00
2.832223827251711512e+00
3.014831345224980641e+00
3.218826597057907080e+00
3.445992982188923026e+00
3.698115562124298705e+00
3.976959498475961308e+00
4.284245719334115243e+00
4.621624038436752180e+00
4.990644054905685856e+00
5.392724270602331949e+00
5.829119974477682931e+00
6.300890554431073376e+00
6.806091893816248906e+00
6.997585567527503159e+00
7.188066300208711290e+00
7.377613239586745308e+00
7.566298672287659954e+00
7.754188461473238370e+00
7.941342462933612012e+00
8.127814920277813826e+00
8.313654839874445202e+00
8.498906346222202757e+00
8.683609018422739467e+00
8.867798208447368324e+00
9.051505341884512390e+00
9.234758201853777493e+00
9.417581196767985219e+00
9.599995612622537422e+00
9.782019850476901368e+00
9.963669649781957460e+00
1.014495829819953521e+01
1.032589682854137436e+01
1.050649420343949103e+01
1.068675748835007333e+01
1.086669201346123792e+01
1.104630152507876772e+01
1.122558832702064358e+01
1.140455341255680466e+01
1.158319658738942515e+01
1.176151658417051848e+01
1.193951116901105181e+01
1.211717724044985189e+01
1.229451092129091805e+01
1.247150764373651732e+01
1.264816222820211244e+01
1.282446895618995875e+01
1.300042163757692748e+01
1.317601367266590451e+01
1.335123810931383304e+01
1.352608769545278022e+01
1.370055492729402147e+01
1.387463209349266435e+01
1.404831131553846468e+01
1.422158458461726838e+01
1.439444379518783457e+01
1.456688077548550631e+01
1.473888731517108042e+01
1.491045519032776845e+01
1.508157618597916816e+01
1.525224211631842763e+01
1.542244484281204819e+01
1.559217629032841579e+01
1.576142846144623633e+01
1.593019344907806989e+01
1.609846344753176695e+01
1.626623076214938024e+01
1.643348781761467947e+01
1.660022716505400098e+01
1.676644148802069267e+01
1.693212360746037604e+01
1.709726648574450536e+01
1.726186322984956689e+01
1.742590709376040081e+01
1.758939148017488918e+01
1.775230994155985087e+01
1.791465618063511656e+01
1.807642405033621102e+01
1.823760755330506456e+01
1.839820084096632158e+01
1.855819821222464938e+01
1.871759411183155919e+01
1.887638312846116051e+01
1.903455999252450326e+01
1.919211957376245081e+01
1.934905687863962598e+01
1.950536704757806561e+01
1.966104535204365078e+01
1.981608719152060871e+01
1.997048809038621542e+01
2.012424369470869223e+01
2.027734976899158426e+01
2.042980219286930321e+01
2.058159695778039122e+01
2.073273016362090360e+01
2.088319801540232845e+01
2.103299681991284587e+01
2.118212298239799196e+01
2.133057300326846573e+01
2.147834347484356954e+01
2.162543107813430510e+01
2.177183257967486796e+01
2.191754482840476825e+01
2.206256475261174188e+01
2.220688935693145183e+01
2.235051571941384552e+01
2.249344098865748620e+01
2.263566238100895234e+01
2.277717717783931306e+01
2.291798272288714955e+01
2.305807641967960464e+01
2.319745572902666453e+01
2.333611816658791582e+01
2.347406130051757955e+01
2.361128274918000969e+01
2.374778017894593773e+01
2.388355130205420807e+01
2.401859387455485262e+01
2.415290569431790146e+01
2.428648459911726931e+01
2.441932846478245267e+01
2.455143520342254249e+01
2.468280276171151399e+01
2.481342911924558692e+01
2.494331228696383818e+01
2.507245030562813426e+01
2.520084124436928974e+01
2.532848319929028236e+01
2.545537429213093361e+01
2.558151266898297393e+01
2.570689649906790208e+01
2.583152397356152363e+01
2.595539330447536841e+01
2.607850272358342991e+01
2.620085048140150619e+01
2.632243484620953566e+01
2.644325410312299596e+01
2.656330655320302725e+01
2.668259051261406256e+01
2.680110431181773478e+01
2.691884629480679436e+01
2.703581481837781197e+01
2.715200825143961083e+01
2.726742497435348511e+01
2.738206337831194404e+01
2.749592186474459865e+01
2.760899884475827903e+01
2.772129273860394605e+01
2.783280197517226995e+01
2.794352499151952074e+01
2.805346023241361308e+01
2.816260614991033506e+01
2.827096120295079729e+01
2.837852385697960855e+01
2.848529258358992777e+01
2.859126586018432548e+01
2.869644216965764372e+01
2.880082000009815957e+01
2.890439784450963501e+01
2.900717420054347429e+01
2.910914757025580712e+01
2.921031645987478953e+01
2.931067937958343350e+01
2.941023484332031757e+01
2.950898136858786813e+01
2.960691747627883785e+01
2.970404169051284526e+01
2.980035253848448207e+01
2.989584855032258659e+01
2.999052825896110619e+01
3.008439020001963371e+01
3.017743291169265163e+01
3.026965493464782497e+01
3.036105481193645161e+01
3.045163108890632131e+01
3.054138231312699858e+01
3.063030703432168877e+01
3.071840380430397843e+01
3.080567117692491408e+01
3.089210770802281303e+01
3.097771195538143374e+01
3.106248247869438828e+01
3.114641783953194931e+01
3.122951660131708351e+01
3.131177732930366986e+01
3.139319859055995821e+01
3.147377895395828062e+01
3.155351699016536671e+01
3.163241127164094024e+01
3.171046037263760553e+01
3.178766286920430773e+01
3.186401733919490908e+01
3.193952236227847763e+01
3.201417651995364366e+01
3.208797839556527265e+01
3.216092657432594848e+01
3.223301964333644776e+01
3.230425619161333373e+01
3.237463481011472766e+01
3.244415409177230458e+01
3.251281263152278456e+01
3.258060902634323952e+01
3.264754187528608043e+01
3.271360977952067373e+01
3.277881134237126304e+01
3.284314516936177597e+01
3.290660986825726297e+01
3.296920404911282532e+01
3.303092632431868481e+01
3.309177530865110128e+01
3.315174961932174114e+01
3.321084787603015798e+01
3.326906870101715441e+01
3.332641071911980646e+01
3.338287255782714169e+01
3.343845284733878032e+01
3.349315022062204150e+01
3.354696331347284399e+01
3.359989076457615198e+01
3.365193121556824707e+01
3.370308331110135924e+01
3.375334569890692649e+01
3.380271702985982785e+01
3.385119595804896875e+01
3.389878114084065430e+01
3.394547123895016227e+01
3.399126491651025361e+01
3.403616084114302254e+01
3.408015768402974288e+01
3.412325411998622826e+01
3.416544882753453294e+01
3.420674048897936359e+01
3.424712779048267208e+01
3.428660942214096963e+01
3.432518407806411176e+01
3.436285045645221459e+01
3.439960725967699773e+01
3.443545319436275065e+01
3.447038697146660979e+01
3.450440730636449871e+01
3.453751291893097175e+01
3.456970253362791823e+01
3.460097487958976359e+01
3.463132869070833664e+01
3.466076270572443008e+01
3.468927566831531806e+01
3.471686632718561327e+01
3.474353343615862144e+01
3.476927575426986294e+01
3.479409204586018234e+01
3.481798108067161479e+01
3.484094163394241406e+01
3.486297248650676295e+01
3.488407242489143556e+01
3.490424024141782411e+01
3.492347473430113070e+01
3.494177470775489525e+01
3.495913897209396737e+01
3.497556634384032037e+01
3.499105564582965400e+01
3.500560570731941112e+01
3.501921536409845714e+01
3.503188345859856412e+01
3.504360884000551124e+01
3.505439036437497435e+01
3.506422689474559462e+01
3.507311730125862681e+01
3.508106046127507938e+01
3.508805525949570381e+01
3.509410058808391852e+01
3.509919534678786590e+01
3.510333844306698836e+01
3.510652879221850498e+01
3.510876531750430019e+01
3.511004695028378109e+01
3.511037263014490861e+01
3.510974130503684165e+01
3.510815193140753365e+01
3.510560347434055473e+01
3.510209490769388196e+01
3.509762521424226378e+01
3.509219338581944925e+01
3.508579842346392041e+01
3.507843933756657151e+01
3.507011514801772023e+01
3.506082488436154421e+01
3.505056758594574973e+01
3.503934230207951828e+01
3.502714809218967673e+01
3.501398402597905601e+01
3.499984918359107411e+01
3.498474265577007003e+01
3.496866354402886401e+01
3.495161096081712770e+01
3.493358402969028731e+01
3.491458188548325836e+01
3.489460367448436529e+01
3.487364855461298419e+01
3.485171569559838645e+01
3.482880427916134636e+01
3.480491349919797983e+01
3.478004256196661714e+01
3.475419068627529384e+01
3.472735710367435047e+01
3.469954105864729144e+01
3.467074180881049017e+01
3.464095862510652069e+01
3.461019079200902837e+01
3.457843760772371411e+01
3.454569838439405771e+01
3.451197244831041644e+01
3.447725914011876114e+01
3.444155781503553726e+01
3.440486784306273194e+01
3.436718860920539953e+01
3.432851951369298860e+01
3.428885997220264414e+01
3.424820941608417968e+01
3.420656729258924145e+01
3.416393306510266825e+01
3.412030621337526526e+01
3.407568623375979655e+01
3.403007263945147542e+01
3.398346496072753098e+01
3.393586274519214641e+01
3.388726555802356444e+01
3.383767298222298336e+01
3.378708461886728998e+01
3.373550008736232542e+01
3.368291902570256013e+01
3.362934109072922695e+01
3.357476595839429478e+01
3.351919332402636087e+01
3.346262290259672056e+01
3.340505442899311817e+01
3.334648765829084027e+01
3.328692236603147592e+01
3.322635834849953795e+01
3.316479542300641015e+01
3.310223342817332792e+01
3.303867222421933292e+01
3.297411169325065572e+01
3.290855173955436186e+01
3.284199228989281494e+01
3.277443329380152903e+01
3.270587472389097883e+01
3.263631657614965320e+01
3.256575887025002203e+01
3.249420164985843229e+01
3.242164498294440733e+01
3.234808896209869999e+01
3.227353370484654249e+01
3.219797935397005517e+01
3.212142607782936210e+01
3.204387407068760041e+01
3.196532355304045936e+01
3.188577477194343857e+01
3.180522800134704298e+01
3.172368354243307564e+01
3.164114172395078839e+01
3.155760290255934208e+01
3.147306746317082826e+01
3.138753581929612935e+01
3.130100841339401896e+01
3.121348571722218423e+01
3.112496823219118269e+01
3.103545648971947202e+01
3.094495105159473880e+01
3.085345251033183800e+01
3.076096148953880771e+01
3.066747864428263526e+01
3.057300466145675699e+01
3.047754026015317663e+01
3.038108619203473992e+01
3.028364324171100819e+01
3.018521222711657259e+01
3.008579399989080372e+01
2.998538944575995302e+01
2.988399948492219949e+01
2.978162507243497004e+01
2.967826719860163820e+01
2.957392688936596770e+01
2.946860520670162842e+01
2.936230324900991917e+01
2.925502215151566787e+01
2.914676308666664895e+01
2.903752726453387822e+01
2.892731593321504135e+01
2.881613037923909815e+01
2.870397192797251407e+01
2.859084194402699453e+01
2.847674183166964212e+01
2.836167303523360772e+01
2.824563703953187499e+01
2.812863537027116223e+01
2.801066959446747617e+01
2.789174132086379743e+01
2.777185220034760604e+01
2.765100392637225468e+01
2.752919823537557420e+01
2.740643690720411030e+01
2.728272176553476314e+01
2.715805467829898134e+01
2.703243755810836646e+01
2.690587236267914406e+01
2.677836109526007036e+01
2.664990580505845941e+01
2.652050858766796892e+01
2.639017158549741637e+01
2.625889698819866780e+01
2.612668703309571328e+01
2.599354400561457368e+01
2.585947023971082714e+01
2.572446811830026903e+01
2.558854007368817207e+01
2.545168858799709710e+01
2.531391619359730782e+01
2.517522547353404150e+01
2.503561906195546527e+01
2.489509964454113344e+01
2.475366995892663269e+01
2.461133279513165206e+01
2.446809099598381465e+01
2.432394745754177379e+01
2.417890512951976589e+01
2.403296701570714333e+01
2.388613617438935322e+01
2.373841571876647549e+01
2.358980881736923152e+01
2.344031869447472971e+01
2.328994863051859099e+01
2.313870196250626066e+01
2.298658208442242312e+01
2.283359244763557427e+01
2.267973656130304860e+01
2.252501799277199979e+01
2.236944036797725488e+01
2.221300737183635832e+01
2.205572274864304916e+01
2.189759030245428661e+01
2.173861389747694162e+01
2.157879745844945063e+01
2.141814497101928794e+01
2.125666048211730796e+01
2.109434810032793806e+01
2.093121199625430151e+01
2.076725640287995489e+01
2.060248561592494454e+01
2.043690399419786274e+01
2.027051595994262456e+01
2.010332599917874319e+01
1.993533866203964422e+01
1.976655856310127746e+01
1.959699038170774799e+01
1.942663886229012959e+01
1.925550881467870923e+01
1.908360511440990237e+01
1.891093270302560114e+01
1.873749658836608489e+01
1.856330184485698709e+01
1.838835361378701805e+01
1.821265710357999623e+01
1.803621759005933356e+01
1.785904041670342934e+01
1.768113099489424656e+01
1.750249480415765291e+01
1.732313739239405237e+01
1.714306437610226652e+01
1.696228144059309884e+01
1.678079434019446126e+01
1.659860889844705767e+01
1.641573100829080545e+01
1.623216663224059175e+01
1.604792180255369161e+01
1.586300262138544248e+01
1.567741526093543492e+01
1.549116596358284070e+01
1.530426104201040616e+01
1.511670687931846757e+01
1.492850992912639185e+01
1.473967671566352777e+01
1.455021383384752021e+01
1.436012794935168202e+01
1.416942579865906282e+01
1.397811418910483283e+01
1.378619999890577752e+01
1.359369017717686923e+01
1.340059174393474173e+01
1.320691179008785099e+01
1.301265747741349443e+01
1.281783603852028364e+01
1.262245477679721262e+01
1.242652106634869469e+01
1.223004235191420186e+01
1.203302614877469523e+01
1.183548004264298292e+01
1.163741168953992222e+01
1.143882881565505194e+01
1.123973921719083791e+01
1.104015076019351937e+01
1.084007138036565543e+01
1.063950908286452091e+01
1.043847194208265705e+01
1.023696810141350255e+01
1.003500577299943330e+01
9.832593237463120417e+00
9.629738843622581257e+00
9.426451008188013958e+00
9.222738215442268128e+00
9.018609016903564424e+00
8.814072030970175220e+00
8.609135942547858633e+00
8.403809502659091990e+00
8.198101528034454688e+00
7.992020900685078644e+00
7.785576567457668240e+00
7.578777539570670463e+00
7.371632892131473547e+00
7.164151763635672410e+00
6.956343355446491294e+00
6.748216931256094675e+00
6.539781816527957758e+00
6.331047397919033592e+00
6.122023122683989627e+00
5.912718498059361671e+00
5.703143090628910450e+00
5.493306525668961271e+00
5.283218486474954290e+00
5.072888713668013416e+00
4.862327004482577486e+00
4.651543212033170782e+00
4.440547244563387785e+00
4.229349064674336134e+00
4.017958688533163070e+00
3.806386185062611283e+00
3.594641675111336365e+00
3.382735330603550139e+00
3.170677373670409249e+00
2.958478075761031167e+00
2.746147756735076051e+00
2.533696783934724195e+00
2.321135571239168360e+00
2.108474578098185503e+00
1.895724308548052850e+00
1.682895310207380035e+00
1.469998173255573137e+00
1.257043529390834857e+00
1.044042050770968233e+00
8.310044489357737429e-01
6.179414737103312572e-01
4.048639120908724687e-01
1.917825871126012938e-01
-2.129164329975940378e-02
-2.343478874996455796e-01
-4.473752213026041535e-01
-6.603626891882015126e-01
-8.732993055180777731e-01
-1.086174055770648961e+00
-1.298975897792033374e+00
-1.511693763063295615e+00
-1.724316557982840781e+00
-1.936833165164013382e+00
-2.149232444749127779e+00
-2.361503235736531980e+00
-2.573634357322670763e+00
-2.785614610259529833e+00
-2.997432778223093841e+00
-3.209077629198133774e+00
-3.420537916873620077e+00
-3.631802382052031319e+00
-3.842859754070479195e+00
-4.053698752233325209e+00
-4.264308087256846846e+00
-4.474676462724324288e+00
-4.684792576551310539e+00
-4.894645122462034870e+00
-5.104222791473937093e+00
-5.313514273393094456e+00
-5.522508258316237928e+00
-5.731193438142674346e+00
-5.939558508092959599e+00
-6.147592168234796262e+00
-6.355283125016120138e+00
-6.562620092803275185e+00
-6.769591795426040726e+00
-6.976186967726786925e+00
-7.182394357114179506e+00
-7.388202725121866266e+00
-7.593600848968822703e+00
-7.798577523124467170e+00
-8.003121560874609131e+00
-8.207221795889788396e+00
-8.410867083794284937e+00
-8.614046303736687449e+00
-8.816748359958769043e+00
-9.018962183365255569e+00
-9.220676733091677235e+00
-9.421880998069957158e+00
-9.622563998592868373e+00
-9.822714787873943365e+00
-1.002232245360456098e+01
-1.022137611950660840e+01
-1.041986494688075737e+01
-1.061777813614793864e+01
-1.081510492838612514e+01
-1.101183460685956206e+01
-1.120795649854119880e+01
-1.140345997562632796e+01
-1.159833445703904609e+01
-1.179256940992828717e+01
-1.198615435115475947e+01
-1.217907884876666280e+01
-1.237133252346654544e+01
-1.256290505006364455e+01
-1.275378615891674805e+01
-1.294396563736209416e+01
-1.313343333113004618e+01
-1.332217914574584228e+01
-1.351019304791748965e+01
-1.369746506690780663e+01
-1.388398529589056807e+01
-1.406974389329147179e+01
-1.425473108411122780e+01
-1.443893716123284499e+01
-1.462235248670881127e+01
-1.480496749303349269e+01
-1.498677268439284482e+01
-1.516775863789727374e+01
-1.534791600479445606e+01
-1.552723551166107541e+01
-1.570570796157405802e+01
-1.588332423526090231e+01
-1.606007529222815933e+01
-1.623595217186773354e+01
-1.641094599454092418e+01
-1.658504796263866865e+01
-1.675824936162005940e+01
-1.693054156102497743e+01
-1.710191601546477358e+01
-1.727236426558716786e+01
-1.744187793901630812e+01
-1.761044875126849263e+01
-1.777806850664157778e+01
-1.794472909907961267e+01
-1.811042251301001116e+01
-1.827514082415576269e+01
-1.843887620032026931e+01
-1.860162090214579678e+01
-1.876336728384413988e+01
-1.892410779390100117e+01
-1.908383497575266219e+01
-1.924254146843398061e+01
-1.940022000720004414e+01
-1.955686342411911838e+01
-1.971246464863718018e+01
-1.986701670811544318e+01
-2.002051272833811524e+01
-2.017294593399298464e+01
-2.032430964912274618e+01
-2.047459729754847402e+01
-2.062380240326387337e+01
-2.077191859080213732e+01
-2.091893958557231414e+01
-2.106485921416966534e+01
-2.120967140465488043e+01
-2.135337018680760224e+01
-2.149594969234880537e+01
-2.163740415513719739e+01
-2.177772791133600805e+01
-2.191691539955166235e+01
-2.205496116094614578e+01
-2.219185983931903294e+01
-2.232760618116377671e+01
-2.246219503569601983e+01
-2.259562135485387202e+01
-2.272788019327171938e+01
-2.285896670822780408e+01
-2.298887615956315855e+01
-2.311760390957624978e+01
-2.324514542288964947e+01
-2.337149626629284072e+01
-2.349665210855664910e+01
-2.362060872022505364e+01
-2.374336197338014287e+01
-2.386490784138331023e+01
-2.398524239859127150e+01
-2.410436182004884387e+01
-2.422226238115769092e+01
-2.433894045732058231e+01
-2.445439252356545623e+01
-2.456861515414366082e+01
-2.468160502210816531e+01
-2.479335889886878874e+01
-2.490387365372699691e+01
-2.501314625338848430e+01
-2.512117376145656067e+01
-2.522795333790400107e+01
-2.533348223852572190e+01
-2.543775781437281580e+01
-2.554077751116702899e+01
-2.564253886869632382e+01
-2.574303952019385022e+01
-2.584227719169903281e+01
-2.594024970140029041e+01
-2.603695495896332446e+01
-2.613239096484175761e+01
-2.622655580957342991e+01
-2.631944767305985522e+01
-2.641106482383337806e+01
-2.650140561830802355e+01
-2.659046850001789508e+01
-2.667825199884309839e+01
-2.676475473021994134e+01
-2.684997539434317204e+01
-2.693391277535359407e+01
-2.701656574051470727e+01
-2.709793323938019682e+01
-2.717801430295025256e+01
-2.725680804281677183e+01
-2.733431365030259386e+01
-2.741053039558817161e+01
-2.748545762683342986e+01
-2.755909476928910706e+01
-2.763144132440268308e+01
-2.770249686891544982e+01
-2.777226105395584455e+01
-2.784073360412413223e+01
-2.790791431657346422e+01
-2.797380306008555095e+01
-2.803839977414075335e+01
-2.810170446798538535e+01
-2.816371721969490594e+01
-2.822443817523385334e+01
-2.828386754751232957e+01
-2.834200561544106733e+01
-2.839885272298469232e+01
-2.845440927821232435e+01
-2.850867575234781981e+01
-2.856165267881848635e+01
-2.861334065230600388e+01
-2.866374032779327408e+01
-2.871285241961554036e+01
-2.876067770050972072e+01
-2.880721700066632351e+01
-2.885247120678255328e+01
-2.889644126111711131e+01
-2.893912816054728765e+01
-2.898053295562861109e+01
-2.902065674965772146e+01
-2.905950069773765065e+01
-2.909706600584759784e+01
-2.913335392991647765e+01
-2.916836577489868176e+01
-2.920210289385779845e+01
-2.923456668705099304e+01
-2.926575860102245130e+01
-2.929568012769773588e+01
-2.932433280348810811e+01
-2.935171820839578416e+01
-2.937783796513047463e+01
-2.940269373822729904e+01
-2.942628723317386985e+01
-2.944862019554371813e+01
-2.946969441013497359e+01
-2.948951170011931211e+01
-2.950807392619356406e+01
-2.952538298574372533e+01
-2.954144081201216920e+01
-2.955624937327629453e+01
-2.956981067203132696e+01
-2.958212674418498267e+01
-2.959319965825855547e+01
-2.960303151459446624e+01
-2.961162444457657728e+01
-2.961898060985484804e+01
-2.962510220158203822e+01
-2.962999143965624071e+01
-2.963365057197518482e+01
-2.963608187369738900e+01
-2.963728764651344250e+01
-2.963727021792606564e+01
-2.963603194053978029e+01
-2.963357519135919560e+01
-2.962990237109784530e+01
-2.962501590349478775e+01
-2.961891823464246443e+01
-2.961161183232223593e+01
-2.960309918535104501e+01
-2.959338280293643209e+01
-2.958246521404245044e+01
-2.957034896676315583e+01
-2.955703662770808648e+01
-2.954253078139555910e+01
-2.952683402965630677e+01
-2.950994899104661329e+01
-2.949187830027092261e+01
-2.947262460761467295e+01
-2.945219057838500376e+01
-2.943057889236366620e+01
-2.940779224326721675e+01
-2.938383333821682086e+01
-2.935870489721907362e+01
-2.933240965265477840e+01
-2.930495034877745653e+01
-2.927632974122193232e+01
-2.924655059652026523e+01
-2.921561569162949112e+01
-2.918352781346588287e+01
-2.915028975845042325e+01
-2.911590433206265160e+01
-2.908037434840172253e+01
-2.904370262975992745e+01
-2.900589200620139607e+01
-2.896694531515138848e+01
-2.892686540099511561e+01
-2.888565511468176084e+01
-2.884331731334170001e+01
-2.879985485990793492e+01
-2.875527062274795398e+01
-2.870956747530417630e+01
-2.866274829574041405e+01
-2.861481596659892546e+01
-2.856577337446473663e+01
-2.851562340963518949e+01
-2.846436896580217990e+01
-2.841201293973704622e+01
-2.835855823098706452e+01
-2.830400774157685007e+01
-2.824836437571815395e+01
-2.819163103952699601e+01
-2.813381064074638971e+01
-2.807490608848097224e+01
-2.801492029293087072e+01
-2.795385616513974369e+01
-2.789171661674538427e+01
-2.782850455973840909e+01
-2.776422290622761224e+01
-2.769887456821080463e+01
-2.763246245735322404e+01
-2.756498948477054256e+01
-2.749645856082156570e+01
-2.742687259490172735e+01
-2.735623449524675976e+01
-2.728454716874080077e+01
-2.721181352072941095e+01
-2.713803645483978855e+01
-2.706321887280500604e+01
-2.698736367429545169e+01
-2.691047375675278985e+01
-2.683255201523249411e+01
-2.675360134224935393e+01
-2.667362462762817543e+01
-2.659262475835971529e+01
-2.651060461846238070e+01
-2.642756708884665073e+01
-2.634351504718575754e+01
-2.625845136779074451e+01
-2.617237892148817124e+01
-2.608530057550513348e+01
-2.599721919335684817e+01
-2.590813763473667208e+01
-2.581805875541459372e+01
-2.572698540713514959e+01
-2.563492043752252414e+01
-2.554186668998712761e+01
-2.544782700363715122e+01
-2.535280421319423638e+01
-2.525680114891110861e+01
-2.515982063649350309e+01
-2.506186549702568556e+01
-2.496293854689891134e+01
-2.486304259774336245e+01
-2.476218045636299081e+01
-2.466035492467261747e+01
-2.455756879964066641e+01
-2.445382487323107057e+01
-2.434912593235083378e+01
-2.424347475880006186e+01
-2.413687412922189068e+01
-2.402932681505949120e+01
-2.392083558251107434e+01
-2.381140319249249160e+01
-2.370103240059533434e+01
-2.358972595705554198e+01
-2.347748660671608079e+01
-2.336431708899785065e+01
-2.325022013787186381e+01
-2.313519848182908234e+01
-2.301925484385781573e+01
-2.290239194142008117e+01
-2.278461248643074910e+01
-2.266591918523696947e+01
-2.254631473860311885e+01
-2.242580184169292679e+01
-2.230438318405582265e+01
-2.218206144961490267e+01
-2.205883931665627884e+01
-2.193471945781865529e+01
-2.180970454008654968e+01
-2.168379722478321625e+01
-2.155700016756458481e+01
-2.142931601841726419e+01
-2.130074742165563961e+01
-2.117129701591856161e+01
-2.104096743417229476e+01
-2.090976130370878394e+01
-2.077768124615082712e+01
-2.064472987745081412e+01
-2.051090980790061735e+01
-2.037622364213158477e+01
-2.024067397912475741e+01
-2.010426341221460689e+01
-1.996699452910025840e+01
-1.982886991185207393e+01
-1.968989213692196572e+01
-1.955006377515349669e+01
-1.940938739179386019e+01
-1.926786554650521310e+01
-1.912550079337711750e+01
-1.898229568094049924e+01
-1.883825275217957440e+01
-1.869337454454967329e+01
-1.854766358998791276e+01
-1.840112241493315892e+01
-1.825375354033907982e+01
-1.810555948169117357e+01
-1.795654274902513237e+01
-1.780670584694330216e+01
-1.765605127463171442e+01
-1.750458152588096183e+01
-1.735229908910216778e+01
-1.719920644734692772e+01
-1.704530607832813871e+01
-1.689060045443678604e+01
-1.673509204276445672e+01
-1.657878330512262721e+01
-1.642167669806295649e+01
-1.626377467289714573e+01
-1.610507967572109322e+01
-1.594559414743195980e+01
-1.578532052375240191e+01
-1.562426123525023058e+01
-1.546241870736257162e+01
-1.529979536041483534e+01
-1.513639360964385716e+01
-1.497221586522046444e+01
-1.480726453227180528e+01
-1.464154201090187257e+01
-1.447505069621559137e+01
-1.430779297833998065e+01
-1.413977124244849648e+01
-1.397098786878152232e+01
-1.380144523266910284e+01
-1.363114570455459251e+01
-1.346009165001708041e+01
-1.328828542979250926e+01
-1.311572939979758701e+01
-1.294242591115244601e+01
-1.276837731020229505e+01
-1.259358593853959540e+01
-1.241805413302837557e+01
-1.224178422582475889e+01
-1.206477854439893882e+01
-1.188703941156030375e+01
-1.170856914547615624e+01
-1.152937005969583240e+01
-1.134944446317254041e+01
-1.116879466028367140e+01
-1.098742295085627596e+01
-1.080533163018392528e+01
-1.062252298905224812e+01
-1.043899931375815093e+01
-1.025476288613274534e+01
-1.006981598356217233e+01
-9.884160879006850919e+00
-9.697799841025119605e+00
-9.510735133793390972e+00
-9.322969017125497970e+00
-9.134503746494555543e+00
-8.945341573053054773e+00
-8.755484743653433100e+00
-8.564935500866804219e+00
-8.373696083005379265e+00
-8.181768724139166338e+00
-7.989155654117817029e+00
-7.795859098590800507e+00
-7.601881279022689952e+00
-7.407224412716652218e+00
-7.211890712831108274e+00
-7.015882388398749114e+00
-6.819201644346071234e+00
-6.621850681509312331e+00
-6.423831696656131740e+00
-6.225146882500296464e+00
-6.025798427721772654e+00
-5.825788516983014809e+00
-5.625119330947806695e+00
-5.423793046296213838e+00
-5.221811835743785934e+00
-5.019177868058660508e+00
-4.815893308074354451e+00
-4.611960316711680719e+00
-4.407381050991611815e+00
-4.202157664052072583e+00
-3.996292305163335890e+00
-3.789787119744220334e+00
-3.582644249378641899e+00
-3.374865831828108398e+00
-3.166454001049504363e+00
-2.957410887207864381e+00
-2.747738616693271130e+00
-2.537439312132963920e+00
-2.326515092406668206e+00
-2.114968072661003173e+00
-1.902800364322326354e+00
-1.690014075111436753e+00
-1.476611309056053978e+00
-1.262594166504849902e+00
-1.047964744140310378e+00
-8.327251349895923305e-01
-6.168774284407675390e-01
-4.004237102529181191e-01
-1.833660625680600120e-01
3.429343607656701320e-02
2.525527107345868494e-01
4.714096900422761194e-01
6.908623062045000651e-01
9.109084949852626067e-01
1.131546195695467105e+00
1.352773351183226280e+00
1.574587907822626143e+00
1.796987815502642860e+00
2.019971027618733483e+00
2.368508594177972437e+00
2.736430813076926150e+00
2.966020830145012610e+00
3.030907798125526131e+00
3.091256314268739924e+00
3.147322090292609342e+00
3.199348908863897112e+00
3.247569077780034785e+00
3.292203872740618653e+00
3.333463968557021317e+00
3.371549858700495950e+00
3.406652263127141200e+00
3.438952524360334717e+00
3.468622991842855718e+00
3.495827394602931015e+00
3.520721202305670428e+00
3.543451974788314640e+00
3.564159700198349157e+00
3.582977121874245441e+00
3.600030054129257806e+00
3.615437687111423326e+00
3.629312880930084084e+00
3.641762449250609990e+00
3.652887432569850823e+00
3.662783361395070880e+00
3.671540509556204146e+00
3.679244137888055377e+00
3.685974728525148514e+00
3.691808210053624251e+00
3.696816173771277914e+00
3.701066081304480448e+00
3.704621463835389594e+00
3.707542113190525068e+00
3.709884265041619944e+00
3.711700774469878894e+00
3.713041284139135367e+00
3.713952385325543393e+00
3.714477772042978465e+00
3.714658388505193809e+00
3.714532570155755220e+00
3.714136178498923080e+00
3.713502729954395232e+00
3.712663518956153208e+00
3.711647735512960455e+00
3.710482577437348439e+00
3.709193357449039663e+00
3.707803605352961274e+00
3.706335165482225413e+00
3.704808289597028459e+00
3.703241725419792463e+00
3.701652800983597391e+00
3.700057504964702648e+00
3.698470563165418667e+00
3.696905511306303183e+00
3.695374764282403746e+00
3.693889682033804078e+00
3.692460632173049540e+00
3.691097049508871741e+00
3.689807492601399730e+00
3.688599697475428485e+00
3.687480628617614720e+00
3.686456527377050207e+00
3.685532957883455474e+00
3.684714850594210223e+00
3.684006543576392900e+00
3.683411821625338867e+00
3.682933953319925457e+00
3.682575726105204783e+00
3.682339479496981482e+00
3.682227136492000952e+00
3.682240233268287533e+00
3.682379947255815633e+00
3.682647123653672860e+00
3.683042300466420116e+00
3.683565732132049408e+00
3.684217411806369302e+00
3.684997092370696947e+00
3.685904306223056981e+00
3.686938383913036077e+00
3.688098471676551693e+00
3.689383547924974138e+00
3.690792438740154946e+00
3.692323832425500107e+00
3.693976293160046609e+00
3.695748273800860240e+00
3.697638127878251080e+00
3.699644120823299076e+00
3.701764440468855888e+00
3.703997206861718627e+00
3.706340481420705046e+00
3.708792275477017064e+00
3.711350558228480256e+00
3.714013264139229609e+00
3.716778299815422404e+00
3.719643550385078434e+00
3.722606885408782151e+00
3.725666164348649723e+00
3.728819241618521296e+00
3.732063971240326516e+00
3.735398211128502677e+00
3.738819827023698306e+00
3.742326696096491823e+00
3.745916710240088321e+00
3.749587779071033911e+00
3.753337832654082717e+00
3.757164823970140954e+00
3.761066731140200847e+00
3.765041559423089712e+00
3.769087342999320800e+00
3.773202146555710179e+00
3.777384066682590191e+00
3.781631233097222822e+00
3.785941809703216698e+00
3.790313995498613142e+00
3.794746025341507956e+00
3.799236170584642469e+00
3.803782739586117234e+00
3.808384078107281745e+00
3.813038569604442873e+00
3.817744635423432342e+00
3.822500734903077735e+00
3.827305365396192816e+00
3.832157062213330523e+00
3.837054398496569263e+00
3.841995985028037630e+00
3.846980469980405992e+00
3.852006538612114728e+00
3.857072912915440188e+00
3.862178351218022332e+00
3.867321647747074209e+00
3.872501632154584872e+00
3.877717169012847354e+00
3.882967157280283743e+00
3.888250529741544170e+00
3.893566252426595042e+00
3.898913324009620762e+00
3.904290775191888940e+00
3.909697668070275078e+00
3.915133095494341742e+00
3.920596180414150922e+00
3.926086075220027727e+00
3.931601961077773044e+00
3.937143047258926831e+00
3.942708570470105922e+00
3.948297794180620102e+00
3.953910007951562111e+00
3.959544526766428874e+00
3.965200690365095593e+00
3.970877862581869699e+00
3.976575430688825019e+00
3.982292804745056536e+00
3.988029416952965089e+00
3.993784721021857553e+00
3.999558191540066865e+00
4.005349323355349433e+00
4.011157630965668908e+00
4.016982647918294624e+00
4.022823926220343793e+00
4.028681035758691742e+00
4.034553563732480974e+00
4.040441114094341479e+00
4.046343307005058954e+00
4.052259778298274995e+00
4.058190178957719496e+00
4.064134174605590566e+00
4.070091445002798736e+00
4.076061683561376547e+00
4.082044596868500186e+00
4.088039904222292797e+00
4.094047337179604895e+00
4.100066639115198974e+00
4.106097564793445898e+00
4.112139879950510668e+00
4.118193360889105037e+00
4.124257794083600714e+00
4.130332975797505135e+00
4.136418711710918572e+00
4.142514816560097124e+00
4.148621113786469472e+00
4.154737435197833229e+00
4.160863620638439286e+00
4.166999517670691766e+00
4.173144981265842546e+00
4.179299873505482488e+00
4.185464063291992609e+00
4.191637426068693273e+00
4.197819843549536856e+00
4.204011203457806545e+00
4.210211399272965949e+00
4.216420329987550453e+00
4.222637899870880673e+00
4.228864018242558309e+00
4.235098599252739682e+00
4.241341561671107208e+00
4.247592828682883237e+00
4.253852327692881019e+00
4.260119990135755152e+00
4.266395751294693284e+00
4.272679550125450199e+00
4.278971329088125053e+00
4.285271033984641598e+00
4.291578613803006093e+00
4.297894020567162521e+00
4.304217209193174298e+00
4.310548137350330933e+00
4.316886765329048359e+00
4.323233055912572453e+00
4.329586974254924669e+00
4.335948487763812587e+00
4.342317565987483974e+00
4.348694180507317597e+00
4.355078304834337999e+00
4.361469914310403873e+00
4.367868986013214716e+00
4.374275498665529227e+00
4.380689432549051965e+00
4.387110769420834444e+00
4.393539492434227256e+00
4.399975586063302302e+00
4.406419036030095882e+00
4.412869829236277575e+00
4.419327953696316591e+00
4.425793398475401652e+00
4.432266153629229599e+00
4.438746210146859106e+00
4.445233559896522912e+00
4.451728195573861235e+00
4.458230110652467104e+00
4.464739299337320944e+00
4.471255756520088553e+00
4.477779477737286129e+00
4.484310459129513760e+00
4.490848697404012491e+00
4.497394189798179731e+00
4.503946934045817585e+00
4.510506928344337751e+00
4.517074171324654941e+00
4.523648662021480860e+00
4.530230399847141598e+00
4.536819384564728885e+00
4.543415616264597112e+00
4.550019095340923414e+00
4.556629822470691593e+00
4.563247798592802162e+00
4.569873024889810509e+00
4.576505502769516731e+00
4.583145233848735955e+00
4.589792219937092632e+00
4.596446463023437623e+00
4.603107965261198586e+00
4.609776728956487268e+00
4.616452756555825765e+00
4.623136050635805461e+00
4.629826613892452869e+00
4.636524449132449988e+00
4.643229559264232087e+00
4.649941947289985222e+00
4.656661616299003548e+00
4.663388569460606980e+00
4.670122810018495940e+00
4.676864341285049242e+00
4.683613166636806824e+00
4.690369289509891182e+00
4.697132713396221959e+00
4.703903441840071586e+00
4.710681478435047254e+00
4.717466826821861581e+00
4.724259490685592588e+00
4.731059473754207545e+00
4.737866779796710226e+00
4.744681412622508532e+00
4.751503376080037810e+00
4.758332674056329203e+00
4.765169310476486508e+00
4.772013289303841610e+00
4.778864614539566347e+00
4.785723290223462101e+00
4.792589320433921607e+00
4.799462709289128881e+00
4.806343460947111623e+00
4.813231579607512245e+00
4.820127069511582540e+00
4.827029934944469858e+00
4.833940180235624773e+00
4.840857809760607644e+00
4.847782827941930606e+00
4.854715239251377490e+00
4.861655048210688612e+00
4.868602259393649767e+00
4.875556877427407620e+00
4.882518906994153696e+00
4.889488352832890072e+00
4.896465219740884223e+00
4.903449512575172697e+00
4.910441236254424524e+00
4.917440395760379168e+00
4.924446996139637100e+00
4.931461042504600378e+00
4.938482540035492363e+00
4.945511493981890716e+00
4.952547909663439718e+00
4.959591792471844229e+00
4.966643147871853792e+00
4.973701981402311567e+00
4.980768298677621608e+00
4.987842105388462066e+00
4.994923407303081930e+00
5.002012210267859693e+00
5.009108520208330972e+00
5.016212343129842210e+00
5.023323685118055160e+00
5.030442552339865259e+00
5.037568951043339460e+00
5.044702887558352167e+00
5.051844368296816157e+00
5.058993399752795384e+00
5.066149988502455237e+00
5.073314141204283700e+00
5.080485864598753842e+00
5.087665165508009402e+00
5.094852050835726232e+00
5.102046527566594492e+00
5.109248602765758207e+00
5.116458283577975941e+00
5.123675577227458255e+00
5.130900491016323173e+00
5.138133032324492255e+00
5.145373208607725068e+00
5.152621027397483289e+00
5.159876496298915427e+00
5.167139622990198689e+00
5.174410415220919823e+00
5.181688880810688680e+00
5.188975027647410698e+00
5.196268863686225536e+00
5.203570396947140075e+00
5.210879635513926189e+00
5.218196587532054842e+00
5.225521261206743873e+00
5.232853664801090154e+00
5.240193806634224849e+00
5.247541695079046775e+00
5.254897338560410525e+00
5.262260745552794994e+00
5.269631924577922177e+00
5.277010884203138019e+00
5.284397633038568465e+00
5.291792179735009150e+00
5.299194532981696071e+00
5.306604701503808030e+00
5.314022694060271945e+00
5.321448519441004166e+00
5.328882186464949378e+00
5.336323703977392086e+00
5.343773080847351586e+00
5.351230325965654622e+00
5.358695448241816095e+00
5.366168456602241399e+00
5.373649359987255458e+00
5.381138167348826329e+00
5.388634887648288796e+00
5.396139529853757999e+00
5.403652102937738455e+00
5.411172615874781933e+00
5.418701077639069830e+00
5.426237497202019533e+00
5.433781883530106604e+00
5.441334245582509332e+00
5.448894592308519691e+00
5.456462932646169328e+00
5.464039275519083638e+00
5.471623629834790670e+00
5.479216004482671210e+00
5.486816408331612216e+00
5.494424850228099899e+00
5.502041338994531294e+00
5.509665883426686506e+00
5.517298492292376899e+00
5.524939174329136726e+00
5.532587938242914838e+00
5.540244792706089605e+00
5.547909746355622396e+00
5.555582807791743960e+00
5.563263985576321069e+00
5.570953288231055289e+00
5.578650724236434044e+00
5.586356302030067944e+00
5.594070030005348748e+00
5.601791916510272529e+00
5.609521969846333000e+00
5.617260198266922799e+00
5.625006609976694882e+00
5.632761213130232925e+00
5.640524015831266169e+00
5.648295026131446406e+00
5.656074252029838156e+00
5.663861701471688548e+00
5.671657382348200827e+00
5.679461302495290020e+00
5.687273469693574945e+00
5.695093891666910046e+00
5.702922576082856132e+00
5.710759530551283270e+00
5.718604762624850402e+00
5.726458279797901341e+00
5.734320089506628193e+00
5.742190199128465622e+00
5.750068615982160125e+00
5.757955347327597728e+00
5.765850400365354567e+00
5.773753782237187160e+00
5.781665500025536808e+00
5.789585560753792493e+00
5.797513971386568876e+00
5.805450738829104118e+00
5.813395869928356774e+00
5.821349371472507528e+00
5.829311250191661742e+00
5.837281512757682478e+00
5.845260165785121309e+00
5.853247215830586825e+00
5.861242669394533422e+00
5.869246532920323389e+00
5.877258812795312259e+00
5.885279515351534485e+00
5.893308646865792255e+00
5.901346213560300313e+00
5.909392221603554596e+00
5.917446677110317133e+00
5.925509586142847951e+00
5.933580954711259459e+00
5.941660788774018265e+00
5.949749094238957703e+00
5.957845876963919096e+00
5.965951142756937386e+00
5.974064897377794559e+00
5.982187146538204381e+00
5.990317895902903089e+00
5.998457151089712447e+00
6.006604917671530153e+00
6.014761201175749861e+00
6.022926007086517153e+00
6.031099340843915080e+00
6.039281207846371125e+00
6.047471613450263739e+00
6.055670562971323889e+00
6.063878061685456622e+00
6.072094114829353018e+00
6.080318727601556894e+00
6.088551905162980837e+00
6.096793652638188732e+00
6.105043975115834520e+00
6.113302877649746669e+00
6.121570365259653812e+00
6.129846442931798478e+00
6.138131115620291567e+00
6.146424388247415216e+00
6.154726265704779209e+00
6.163036752853965794e+00
6.171355854527290852e+00
6.179683575528700068e+00
6.188019920634655335e+00
6.196364894594663220e+00
6.204718502132314129e+00
6.213080747945680216e+00
6.221451636708724919e+00
6.229831173071116446e+00
6.238219361659824713e+00
6.246616207079469518e+00
6.255021713912949366e+00
6.263435886722368728e+00
6.271858730049491903e+00
6.280290248416879884e+00
6.288730446327833512e+00
6.297179328267630716e+00
6.305636898704003457e+00
6.314103162087792320e+00
6.322578122853435900e+00
6.331061785419761279e+00
6.339554154190530255e+00
6.348055233554783072e+00
6.356565027887780772e+00
6.365083541551451951e+00
6.373610778894429174e+00
6.382146744253732074e+00
6.390691441953869401e+00
6.399244876308451069e+00
6.407807051619948346e+00
6.416377972180890232e+00
6.424957642273535718e+00
6.433546066170734434e+00
6.442143248136466660e+00
6.450749192426072476e+00
6.459363903286654995e+00
6.467987384957546659e+00
6.476619641670611216e+00
6.485260677650796168e+00
6.493910497116273106e+00
6.502569104278921763e+00
6.511236503344471238e+00
6.519912698513213201e+00
6.528597693979734551e+00
6.537291493933881092e+00
6.545994102560339201e+00
6.554705524039537323e+00
6.563425762547566045e+00
6.572154822256388584e+00
6.580892707334220049e+00
6.589639421945906683e+00
6.598394970252576819e+00
6.607159356412690698e+00
6.615932584581405429e+00
6.624714658911193155e+00
6.633505583552111950e+00
6.642305362651731215e+00
6.651114000355273781e+00
6.659931500806070659e+00
6.668757868145206658e+00
6.677593106512225596e+00
6.686437220044964214e+00
6.695290212879451808e+00
6.704152089150274385e+00
6.713022852990882861e+00
6.721902508533210252e+00
6.730791059908135310e+00
6.739688511245183200e+00
6.748594866673142789e+00
6.757510130319590580e+00
6.766434306311317037e+00
6.775367398774254646e+00
6.784309411833297609e+00
6.793260349612755711e+00
6.802220216236237960e+00
6.811189015826483839e+00
6.820166752505884666e+00
6.829153430395611402e+00
6.838149053616767503e+00
6.847153626289468775e+00
6.856167152533423348e+00
6.865189636467644796e+00
6.874221082210768330e+00
6.883261493880478810e+00
6.892322538602526194e+00
6.901393150130799903e+00
6.910474964414921928e+00
6.919568956112926550e+00
6.928676131522625958e+00
6.937797527973369682e+00
6.946929357343799794e+00
6.956052068845884229e+00
6.965183831672392856e+00
6.974324647196366023e+00
6.983474516967637769e+00
6.992633442703028557e+00
7.001801426278261964e+00
7.010978469719482575e+00
7.020164575195644296e+00
7.029359745010767213e+00
7.038563981596863250e+00
7.047777287507019928e+00
7.056999665408658196e+00
7.066231118077657136e+00
7.075471648391959967e+00
7.084721259326205001e+00
7.093979953945895645e+00
7.103247735402578478e+00
7.112524606928810833e+00
7.121810571833167458e+00
7.131105633496079399e+00
7.140409795365472156e+00
7.149723060952751119e+00
7.159045433828809202e+00
7.168376917620577160e+00
7.177717516007232845e+00
7.187067232717401666e+00
7.196426071525553247e+00
7.205794036249513645e+00
7.215171130747040529e+00
7.224557358913963334e+00
7.233952724681103952e+00
7.243357232012292535e+00
7.252770884901757142e+00
7.262193687372402451e+00
7.271625643473830891e+00
7.281066757280442836e+00
7.290517032889456850e+00
7.299976474419703543e+00
7.309445086009851877e+00
7.318922871817350462e+00
7.328409836016629875e+00
7.337905982798169191e+00
7.347411316367463030e+00
7.356925840943900674e+00
7.366449560759646076e+00
7.375982480059096069e+00
7.385524603097806562e+00
7.395075934141890350e+00
7.404636477467413158e+00
7.414206237359704410e+00
7.423785218112948669e+00
7.433373424029556809e+00
7.442970859420094065e+00
7.452577528602473578e+00
7.462193435902285898e+00
7.471818585651855749e+00
7.481452982190709200e+00
7.491096629865143797e+00
7.500749533028075788e+00
7.510411696039121843e+00
7.520083123264690528e+00
7.529763819077945897e+00
7.539453787858660938e+00
7.549153033994000062e+00
7.558861561877895596e+00
7.568579375911659746e+00
7.578306480504517495e+00
7.588042880073079921e+00
7.597788579042513923e+00
7.607543581846187841e+00
7.617307892926736379e+00
7.627081516735440658e+00
7.636864457733824274e+00
7.646656720393249174e+00
7.656458309195831369e+00
7.666269228634572386e+00
7.676089483214401099e+00
7.685919077452115111e+00
7.695758015877493641e+00
7.705606303033511573e+00
7.715463943477153030e+00
7.725330941779993132e+00
7.735207302528735340e+00
7.745093030325971739e+00
7.754988129791004603e+00
7.764892605560211436e+00
7.774806462288248454e+00
7.784729704648145621e+00
7.794662337332590063e+00
7.804604365054399473e+00
7.814555792547511537e+00
7.824516624567447565e+00
7.834486865892489327e+00
7.844466521324041430e+00
7.854455595687889868e+00
7.864454093834701176e+00
7.874462020641046500e+00
7.884479381009986021e+00
7.894506179872441187e+00
7.904542422187067707e+00
7.914588112942216647e+00
7.924643257156235521e+00
7.934707859878062486e+00
7.944781926188749566e+00
7.954865461201690913e+00
7.964958470063792539e+00
7.975060957956569219e+00
7.985172930096235078e+00
7.995294391735389361e+00
8.005425348163493382e+00
8.015565804707511788e+00
8.025715766733029000e+00
8.035875239645106305e+00
8.046044228889028815e+00
8.056222739950866796e+00
8.066410778358688916e+00
8.076608349682988575e+00
8.086815459537724848e+00
8.097032113581002832e+00
8.107258317515693591e+00
8.117494077090290361e+00
8.127739398099503632e+00
8.137994286385003662e+00
8.148258747836258920e+00
8.158532788391053003e+00
8.168816414035672935e+00
8.179109630806397746e+00
8.189412444789260448e+00
8.199724862121014368e+00
8.210046888989692704e+00
8.220378531634580099e+00
