0.000000000000000000e+00
1.141537391377428490e-04
4.472585118802723469e-04
1.095298241811320074e-03
2.145946051200771192e-03
3.679041299828902673e-03
5.767038719732588137e-03
8.475430617455370630e-03
1.186314333667427487e-02
1.598290929848120503e-02
2.088161597895120403e-02
2.660063315808409296e-02
3.317611969434190039e-02
4.063931095784679287e-02
4.901678790526328711e-02
5.833072861216990340e-02
6.859914290521884617e-02
7.983609056655405212e-02
9.205188342575042204e-02
1.052532715177915967e-01
1.194436133760023583e-01
1.346230304518843124e-01
1.507885456137677271e-01
1.679342056762023749e-01
1.860511879540351077e-01
2.051278909200349443e-01
2.251500091725537056e-01
2.461005930888805482e-01
2.679600937485523970e-01
2.907063939558763854e-01
3.143148264683647830e-01
3.387581808428252739e-01
3.640067006376816461e-01
3.900280730519473105e-01
4.167874134302921862e-01
4.442472474109250835e-01
4.723674938284723734e-01
5.011054517964658173e-01
5.304157956711061939e-01
5.602505818263099346e-01
5.905592713354805845e-01
6.212887727433046292e-01
6.523835091063383551e-01
6.837855133699161092e-01
7.154345559177645031e-01
7.472683077684214581e-01
7.792231532371773906e-01
8.113109041059255455e-01
8.435420027293970557e-01
8.759256212263865082e-01
9.084697550849905046e-01
9.411813114271941894e-01
9.740661921711105675e-01
1.007129372322120187e+00
1.040374973617077980e+00
1.073806333738703156e+00
1.107426071310213089e+00
1.141236146873267021e+00
1.175237920045327122e+00
1.209432203045657461e+00
1.243819310772375397e+00
1.278399107606236429e+00
1.313171051110223697e+00
1.348134232787487674e+00
1.383287416053787577e+00
1.418629071574311507e+00
1.454157410108610549e+00
1.489870413001377125e+00
1.525765860450931211e+00
1.561841357681569509e+00
1.598094359140359133e+00
1.634522190833551436e+00
1.671122070912532287e+00
1.707891128614122067e+00
1.744826421655106152e+00
1.781924952176088039e+00
1.819183681325130753e+00
1.856599542567194616e+00
1.894169453801068048e+00
1.931890328361329567e+00
1.969759084978893737e+00
2.007772656769834629e+00
2.045927999318497115e+00
2.084222097917349359e+00
2.122651974022630395e+00
2.161214690981585917e+00
2.199907359083959513e+00
2.238727139987422010e+00
2.277671250563759742e+00
2.316736966209927751e+00
2.355921623665452991e+00
2.395222623375203863e+00
2.434637431434175880e+00
2.474163581148688174e+00
2.513798674246245923e+00
2.553540381764288547e+00
2.593386444646114342e+00
2.633334674070427983e+00
2.673382951539229779e+00
2.713529228747109112e+00
2.753771527253446205e+00
2.794107937977550193e+00
2.834536620535363927e+00
2.875055802435052321e+00
2.915663778147540519e+00
2.956358908066894831e+00
2.997139617374343867e+00
3.038004394818673681e+00
3.078951791424775930e+00
3.119980419141190175e+00
3.161088949436618556e+00
3.202276111854583718e+00
3.243540692534634395e+00
3.284881532707793372e+00
3.326297527173266655e+00
3.367787622762819844e+00
3.409350816798633943e+00
3.450986155549908840e+00
3.492692732692979085e+00
3.534469687779235869e+00
3.576316204714694358e+00
3.618231510254649397e+00
3.660214872516480700e+00
3.702265599513312022e+00
3.744383037710901529e+00
3.786566570609845250e+00
3.828815617354886403e+00
3.871129631372881796e+00
3.913508099040719834e+00
3.955950538384280790e+00
3.998456497809326660e+00
4.041025554865026237e+00
4.083657315040643887e+00
4.126351410595788138e+00
4.169107499424451468e+00
4.211925263952967846e+00
4.254804410071894694e+00
4.297744666101706912e+00
4.340745781792131552e+00
4.383807527354830036e+00
4.426929692529087745e+00
4.470112085680105984e+00
4.513354532929397145e+00
4.556656877316792809e+00
4.600018977993474145e+00
4.643440709445418868e+00
4.686921960746645688e+00
4.730462634841561709e+00
4.774062647855751962e+00
4.817721928434481882e+00
4.861440417108195078e+00
4.905218065684284312e+00
4.949054836664381618e+00
4.992950702686426823e+00
5.036905645990772840e+00
5.080919657909566567e+00
5.124992738378677082e+00
5.169124895471425951e+00
5.213316144953378917e+00
5.257566509857486636e+00
5.301876020078854168e+00
5.346244711988432208e+00
5.390672628064942629e+00
5.435159816544352651e+00
5.479706331086237725e+00
5.524312230456380313e+00
5.568977578224959757e+00
5.613702442479722166e+00
5.658486895553520135e+00
5.703331013765627233e+00
5.748234877176262358e+00
5.793198569353764427e+00
5.838222177153865822e+00
5.883305790510559241e+00
5.928449502238030355e+00
5.973653407843182883e+00
6.018917605348261368e+00
6.064242195123129342e+00
6.109627279726754345e+00
6.155072963757460158e+00
6.200579353711557218e+00
6.246146557849929337e+00
6.291774686072213463e+00
6.337463849798190552e+00
6.383214161856050950e+00
6.429025736377171896e+00
6.474898688697101612e+00
6.520833135262429359e+00
6.566829193543235021e+00
6.612886981950844678e+00
6.659006619760603485e+00
6.705188227039410975e+00
6.751431924577762977e+00
6.797737833826059450e+00
6.844106076834949093e+00
6.890536776199490454e+00
6.937030055006913720e+00
6.983586036787796658e+00
7.030204845470448660e+00
7.076886605338325253e+00
7.123631440990308761e+00
7.170439477303673925e+00
7.217310839399592837e+00
7.264245652611026394e+00
7.311244042452861081e+00
7.358306134594148951e+00
7.405432054832334465e+00
7.452621929069333184e+00
7.499875883289359280e+00
7.547194043538375752e+00
7.594576535905087411e+00
7.642023486503351393e+00
7.689535021455927932e+00
7.737111266879483473e+00
7.784752348870749294e+00
7.832458393493772597e+00
7.880229526768176562e+00
7.928065874658357437e+00
7.975967563063552923e+00
8.023934717808725026e+00
8.071967464636191636e+00
8.120065929197949117e+00
8.168230237048639708e+00
8.216460513639107788e+00
8.264756884310502372e+00
8.313119474288880539e+00
8.361548408680267386e+00
8.410043812466140523e+00
8.458605810499285838e+00
8.507234527500024512e+00
8.555930088052734916e+00
8.604692616602667599e+00
8.653522237453030286e+00
8.702419074762280715e+00
8.751383252541653945e+00
8.800414894652851316e+00
8.849514124805899939e+00
8.898681066557152519e+00
8.947915843307415074e+00
8.997218578300168801e+00
9.046589394619889646e+00
9.096028415190433591e+00
9.145535762773494781e+00
9.195111559967086734e+00
9.244755929204080402e+00
9.294468992750749337e+00
9.344250872705330835e+00
9.394101690996590648e+00
9.444021569382373471e+00
9.494010629448148109e+00
9.544068992605524215e+00
9.594196780090728183e+00
9.644394112963064813e+00
9.694661112103311496e+00
9.744997898212085730e+00
9.795404591808132722e+00
9.845881313226584552e+00
9.896428182617130531e+00
9.947045319942143138e+00
9.997732844974708044e+00
1.004849087729661328e+01
1.009931953629623003e+01
1.015021894116633838e+01
1.020118921090185715e+01
1.025223046429749374e+01
1.030334281994532297e+01
1.035452639623224869e+01
1.040578131133740669e+01
1.045710768322946116e+01
1.050850562966381041e+01
1.055997526817971099e+01
1.061151671609729341e+01
1.066313009051449257e+01
1.071481550830388230e+01
1.076657308610941222e+01
1.081840294034304861e+01
1.087030518718131766e+01
1.092227994256175094e+01
1.097432732217923679e+01
1.102644744148226863e+01
1.107864041566909563e+01
1.113090635968377562e+01
1.118324538821212677e+01
1.123565761567758869e+01
1.128814315623696096e+01
1.134070212377607589e+01
1.139333463190533280e+01
1.144604079395517005e+01
1.149882072297140034e+01
1.155167453171047498e+01
1.160460233263462548e+01
1.165760423790692002e+01
1.171068035938620611e+01
1.176383080862195385e+01
1.181705569684900681e+01
1.187035513498221562e+01
1.192372923361097570e+01
1.197717810299366903e+01
1.203070185305198692e+01
1.208430059336516038e+01
1.213797443316408398e+01
1.219172348132533124e+01
1.224554784636506355e+01
1.229944763643284489e+01
1.235342295930533041e+01
1.240747392237986624e+01
1.246160063266797735e+01
1.251580319678873288e+01
1.257008172096202259e+01
1.262443631100170904e+01
1.267886707230868026e+01
1.273337410986378160e+01
1.278795752822064280e+01
1.284261743149838253e+01
1.289735392337421338e+01
1.295216710707591901e+01
1.300705708537422645e+01
1.306202396057505588e+01
1.311706783451164604e+01
1.317218880853658192e+01
1.322738698351368214e+01
1.328266245980977445e+01
1.333801533728635214e+01
1.339344571529110794e+01
1.344895369264933294e+01
1.350453936765520524e+01
1.356020283806294557e+01
1.361594420107784487e+01
1.367176355334717108e+01
1.372766099095093217e+01
1.378363660939252355e+01
1.383969050358923347e+01
1.389582276786262049e+01
1.395203349592875242e+01
1.400832278088831551e+01
1.406469071521657810e+01
1.412113739075322094e+01
1.417766289869203433e+01
1.423426732957045537e+01
1.429095077325898622e+01
1.434771331895044533e+01
1.440455505514909795e+01
1.446147606965962140e+01
1.451847644957592820e+01
1.457555628126984182e+01
1.463271565037962318e+01
1.468995464179834620e+01
1.474727333966210274e+01
1.480467182733809217e+01
1.486215018741250837e+01
1.491970850167830775e+01
1.497734685112278896e+01
1.503506531591503936e+01
1.509286397539320035e+01
1.515074290805157808e+01
1.520870219152759262e+01
1.526674190258855468e+01
1.532486211711828261e+01
1.538306291010355231e+01
1.544134435562036956e+01
1.549970652682007533e+01
1.555814949591528773e+01
1.561667333416565739e+01
1.567527811186346121e+01
1.573396389831901310e+01
1.579273076184589897e+01
1.585157876974603397e+01
1.591050798829454216e+01
1.596951848272445496e+01
1.602861031721122487e+01
1.608778355485707579e+01
1.614703825767512413e+01
1.620637448657337032e+01
1.626579230133846821e+01
1.632529176061931508e+01
1.638487292191047118e+01
1.644453584153534109e+01
1.650428057462923803e+01
1.656410717512218866e+01
1.662401569572159588e+01
1.668400618789466705e+01
1.674407870185068248e+01
1.680423328652305059e+01
1.686446998955116783e+01
1.692478885726208304e+01
1.698518993465198079e+01
1.704567326536743010e+01
1.710623889168647693e+01
1.716688685449950214e+01
1.722761719328989471e+01
1.728842994611452610e+01
1.734932514958401839e+01
1.741030283884279228e+01
1.747136304754896230e+01
1.753250580785395485e+01
1.759373115038200197e+01
1.765503910420935441e+01
1.771642969684335611e+01
1.777790295420127009e+01
1.783945890058890171e+01
1.790109755867905150e+01
1.796281894948969793e+01
1.802462309236205229e+01
1.808651000493833294e+01
1.814847970313937608e+01
1.821053220114204763e+01
1.827266751135638856e+01
1.833488564440262891e+01
1.839718660908792813e+01
1.845957041238297336e+01
1.852203705939830414e+01
1.858458655336048082e+01
1.864721889558801138e+01
1.870993408546711834e+01
1.877273212042723216e+01
1.883561299591634253e+01
1.889857670537610801e+01
1.896162324021677748e+01
1.902475258979189832e+01
1.908796474137282217e+01
1.915125968012302948e+01
1.921463738907220176e+01
1.927809784909015534e+01
1.934164103886053354e+01
1.940526693485431053e+01
1.946897551130309267e+01
1.953276674017224224e+01
1.959664059113378087e+01
1.966059703153912608e+01
1.972463602639159319e+01
1.978875753831875173e+01
1.985296152754456855e+01
1.991724795186135921e+01
1.998161676660157227e+01
2.004606792460936404e+01
2.011060137621200639e+01
2.017521706919110969e+01
2.023991494875368247e+01
2.030469495750297426e+01
2.036955703540918705e+01
2.043450111977999484e+01
2.049952714523089270e+01
2.056463504365538242e+01
2.062982474419500178e+01
2.069509617320917272e+01
2.076044925424491083e+01
2.082588390800636802e+01
2.089140005232422936e+01
2.095699760212495733e+01
2.102267646939987955e+01
2.108843656317416304e+01
2.115427778947561777e+01
2.122020005130337950e+01
2.128620324859646473e+01
2.135228727820219419e+01
2.141845203384448837e+01
2.148469740609204948e+01
2.155102328232642606e+01
2.161742954670997108e+01
2.168391608015369698e+01
2.175048276028500993e+01
2.181712946141536946e+01
2.188385605450785931e+01
2.195066240714464101e+01
2.201754838349437193e+01
2.208451384427950970e+01
2.215155864674355968e+01
2.221868264461827280e+01
2.228588568809077586e+01
2.235316762377062005e+01
2.242052829465684027e+01
2.248796754010493260e+01
2.255548519579381050e+01
2.262308109369273978e+01
2.269075506202825210e+01
2.275850692525103014e+01
2.282633650400282121e+01
2.289424361508331529e+01
2.296222807141706568e+01
2.303028968202038840e+01
2.309842825196833616e+01
2.316664358236165810e+01
2.323493547029382356e+01
2.330330370881810254e+01
2.337174808691468186e+01
2.344026838945785585e+01
2.350886439718330578e+01
2.357753588665545053e+01
2.364628263023489296e+01
2.371510439604595888e+01
2.378400094794437791e+01
2.385297204548505334e+01
2.392201744388997042e+01
2.399113689401627880e+01
2.406033014232447442e+01
2.412959693084679103e+01
2.419893699715573376e+01
2.426835007433281177e+01
2.433783589093745903e+01
2.440739417097617192e+01
2.447702463387184224e+01
2.454672699443334949e+01
2.461650096282535216e+01
2.468634624453837745e+01
2.475626254035913831e+01
2.482624954634115255e+01
2.489630695377562120e+01
2.496643444916264087e+01
2.503663171418270750e+01
2.510689842566854679e+01
2.517723425557729655e+01
2.524763887096303350e+01
2.531811193394965898e+01
2.538865310170417899e+01
2.545926202641037150e+01
2.552993835524284094e+01
2.560068173034152395e+01
2.567149178878660365e+01
2.574236816257390359e+01
2.581331047859069372e+01
2.588431835859202224e+01
2.595539141917751635e+01
2.602652927176869468e+01
2.609773152258678763e+01
2.616899777263112270e+01
2.624032761765802846e+01
2.631172064816033185e+01
2.638317644934739903e+01
2.645469460112582993e+01
2.652627467808071415e+01
2.659791624945753341e+01
2.666961887914471063e+01
2.674138212565680917e+01
2.681320554211842122e+01
2.688508867624872778e+01
2.695703107034677615e+01
2.702903226127747871e+01
2.710109178045834355e+01
2.717320915384697599e+01
2.724538390192932624e+01
2.731761553970872924e+01
2.738990357669577946e+01
2.746224751689896948e+01
2.753464685881619900e+01
2.760710109542713653e+01
2.767960971418642302e+01
2.775217219701777083e+01
2.782478802030898635e+01
2.789745665490784532e+01
2.797017756611895933e+01
2.804295021370156604e+01
2.811577405186826084e+01
2.818864852928474818e+01
2.826157308907054855e+01
2.833454716880072155e+01
2.840757020050863346e+01
2.848064161068974443e+01
2.855376082030644724e+01
2.862692724479398265e+01
2.870014029406745237e+01
2.877339937252989799e+01
2.884670387908152023e+01
2.892005320713000671e+01
2.899344674460202143e+01
2.906688387395583106e+01
2.914036397219511088e+01
2.921388641088390514e+01
2.928745055616284532e+01
2.936105576876648726e+01
2.943470140404196300e+01
2.950838681196879421e+01
2.958211133717996333e+01
2.965587431898429216e+01
2.972967509139001052e+01
2.980351298312965369e+01
2.987738731768625300e+01
2.995129741332079831e+01
3.002524258310101857e+01
3.009922213493148391e+01
3.017323537158504720e+01
3.024728159073561784e+01
3.032136008499225710e+01
3.039547014193466268e+01
3.046961104414998545e+01
3.054378206927103889e+01
3.061798249001585503e+01
3.069221157422863300e+01
3.076646858492210157e+01
3.084075278032121759e+01
3.091506341390828894e+01
3.098939973446950802e+01
3.106376098614288495e+01
3.113814640846753790e+01
3.121255523643447560e+01
3.128698670053870501e+01
3.136144002683280974e+01
3.143591443698190346e+01
3.151040914832002215e+01
3.158492337390789473e+01
3.165945632259215614e+01
3.173400719906593892e+01
3.180857520393088222e+01
3.188315953376054068e+01
3.195775938116519654e+01
3.203237393485803608e+01
3.210700237972277193e+01
3.218164389688256222e+01
3.225629766377037555e+01
3.233096285420069194e+01
3.240563863844256787e+01
3.248032418329405147e+01
3.255501865215791923e+01
3.262972120511880547e+01
3.270443099902153961e+01
3.277914718755091883e+01
3.285386892131267444e+01
3.292859534791577403e+01
3.300332561205595994e+01
3.307805885560059522e+01
3.315279421767466772e+01
3.322753083474805891e+01
3.330226784072403490e+01
3.337700436702890983e+01
3.345173954270282479e+01
3.352647249449178446e+01
3.360120234694070263e+01
3.367592822248766282e+01
3.375064924155918789e+01
3.382536452266660376e+01
3.390007318250346913e+01
3.397477433604399266e+01
3.404946709664243798e+01
3.412415057613352332e+01
3.419882388493376624e+01
3.427348613214373785e+01
3.434813642565117675e+01
3.442277387223501250e+01
3.449739757767022041e+01
3.457200664683344371e+01
3.464660018380943995e+01
3.472117729199820957e+01
3.479573707422292728e+01
3.487027863283846330e+01
3.494480106984064349e+01
3.501930348697604245e+01
3.509378498585245154e+01
3.516824466804979465e+01
3.524268163523167630e+01
3.531709498925731339e+01
3.539148383229398576e+01
3.546584726692984191e+01
3.554018439628713821e+01
3.561449432413574812e+01
3.568877615500704081e+01
3.576302899430799442e+01
3.583725194843548678e+01
3.591144412489091309e+01
3.598560463239476803e+01
3.605973258100150503e+01
3.613382708221434569e+01
3.620788724910021728e+01
3.628191219640461185e+01
3.635590104066641715e+01
3.642985290033269763e+01
3.650376689587329082e+01
3.657764214989528284e+01
3.665147778725724947e+01
3.672527293518324853e+01
3.679902672337656355e+01
3.687273828413303534e+01
3.694640675245410932e+01
3.702003126615942818e+01
3.709361096599896968e+01
3.716714499576472264e+01
3.724063250240178036e+01
3.731407263611890812e+01
3.738746455049849260e+01
3.746080740260579489e+01
3.753410035309754988e+01
3.760734256632983374e+01
3.768053321046514270e+01
3.775367145757865472e+01
3.782675648376366695e+01
3.789978746923613784e+01
3.797276359843825588e+01
3.804568406014111304e+01
3.811854804754636206e+01
3.819135475838677962e+01
3.826410339502579916e+01
3.833679316455595654e+01
3.840942327889615626e+01
3.848199295488772265e+01
3.855450141438931411e+01
3.862694788437054427e+01
3.869933159700428149e+01
3.877165178975774751e+01
3.884390770548212402e+01
3.891609859250090864e+01
3.898822370469678589e+01
3.906028230159709835e+01
3.913227364845781153e+01
3.920419701634602205e+01
3.927605168222093823e+01
3.934783692901326901e+01
3.941955204570309235e+01
3.949119632739611774e+01
3.956276907539823640e+01
3.963426959728857923e+01
3.970569720699073457e+01
3.977705122484240974e+01
3.984833097766329502e+01
3.991953579882122938e+01
3.999066502829660408e+01
4.006171801274499700e+01
4.013269410555803063e+01
4.020359266692238265e+01
4.027441306387706277e+01
4.034515467036874981e+01
4.041581686730536660e+01
4.048639904260775779e+01
4.055690059125949887e+01
4.062732091535485068e+01
4.069765942414477422e+01
4.076791553408108371e+01
4.083808866885872391e+01
4.090817825945604369e+01
4.097818374417324350e+01
4.104810456866885460e+01
4.111794018599429279e+01
4.118769005662651495e+01
4.125735364849870734e+01
4.132693043702908398e+01
4.139641990514770953e+01
4.146582154332144654e+01
4.153513484957693436e+01
4.160435932952169225e+01
4.167349449636321879e+01
4.174253987092630069e+01
4.181149498166833212e+01
4.188035936469272968e+01
4.194913256376052857e+01
4.201781413030001744e+01
4.208640362341456154e+01
4.215490060988850729e+01
4.222330466419131767e+01
4.229161536847976777e+01
4.235983231259842796e+01
4.242795509407823573e+01
4.249598331813334084e+01
4.256391659765614577e+01
4.263175455321059104e+01
4.269949681302366429e+01
4.276714301297524656e+01
4.283469279658617523e+01
4.290214581500469393e+01
4.296950172699113324e+01
4.303676019890104953e+01
4.310392090466666559e+01
4.317098352577670539e+01
4.323794775125471546e+01
4.330481327763573063e+01
4.337157980894145481e+01
4.343824705665394248e+01
4.350481473968773827e+01
4.357128258436060975e+01
4.363765032436280933e+01
4.370391770072492932e+01
4.377008446178438561e+01
4.383615036315050872e+01
4.390211516766835587e+01
4.396797864538118006e+01
4.403374057349162030e+01
4.409940073632170510e+01
4.416495892527150602e+01
4.423041493877678221e+01
4.429576858226528913e+01
4.436101966811209962e+01
4.442616801559368866e+01
4.449121345084108015e+01
4.455615580679183552e+01
4.462099492314109739e+01
4.468573064629162417e+01
4.475036282930290099e+01
4.481489133183927009e+01
4.487931602011725118e+01
4.494363676685190256e+01
4.500785345120243619e+01
4.507196595871700850e+01
4.513597418127667993e+01
4.519987801703874197e+01
4.526367737037923433e+01
4.532737215183486512e+01
4.539096227804418504e+01
4.545444767168824995e+01
4.551782826143059424e+01
4.558110398185673517e+01
4.564427477341304495e+01
4.570734058234524610e+01
4.577030136063628873e+01
4.583315706594389383e+01
4.589590766153766310e+01
4.595855311623576256e+01
4.602109340434127205e+01
4.608352850557820091e+01
4.614585840502721226e+01
4.620808309306105599e+01
4.627020256527973885e+01
4.633221682244552397e+01
4.639412587041767466e+01
4.645592972008707733e+01
4.651762838731067973e+01
4.657922189284582970e+01
4.664071026228453576e+01
4.670209352598762109e+01
4.676337171901888468e+01
4.682454488107914869e+01
4.688561305644044808e+01
4.694657629388009212e+01
4.700743464661488957e+01
4.706818817223538787e+01
4.712883693264021900e+01
4.718938099397053776e+01
4.724982042654463044e+01
4.731015530479263731e+01
4.737038570719149533e+01
4.743051171620000872e+01
4.749053341819418250e+01
4.755045090340279046e+01
4.761026426584314919e+01
4.766997360325719058e+01
4.772957901704779715e+01
4.778908061221547143e+01
4.784847849729528946e+01
4.790777278429418118e+01
4.796696358862857323e+01
4.802605102906243673e+01
4.808503522764559079e+01
4.814391630965253199e+01
4.820269440352160473e+01
4.826136964079454827e+01
4.831994215605654830e+01
4.837841208687671468e+01
4.843677957374894305e+01
4.849504476003333764e+01
4.855320779189803204e+01
4.861126881826155710e+01
4.866922799073562800e+01
4.872708546356853532e+01
4.878484139358891980e+01
4.884249594015022211e+01
4.890004926507551630e+01
4.895750153260297566e+01
4.901485290933185723e+01
4.907210356416902641e+01
4.912925366827602147e+01
4.918630339501675763e+01
4.924325291990570008e+01
4.930010242055669067e+01
4.935685207663232177e+01
4.941350206979387849e+01
4.947005258365191338e+01
4.952650380371736816e+01
4.958285591735332076e+01
4.963910911372730794e+01
4.969526358376427311e+01
4.975131952010011815e+01
4.980727711703580241e+01
4.986313657049213788e+01
4.991889807796515299e+01
4.997456183848202471e+01
5.003012805255769280e+01
5.008559692215204961e+01
5.014096865062773389e+01
5.019624344270854976e+01
5.025142150443848266e+01
5.030650304314136889e+01
5.036148826738111239e+01
5.041637738692253379e+01
5.047117061269286609e+01
5.052586815674379039e+01
5.058047023221410399e+01
5.063497705329304921e+01
5.068938883518409000e+01
5.074370579406947712e+01
5.079792814707523263e+01
5.085205611223685196e+01
5.090608990846553183e+01
5.096002975551498082e+01
5.101387587394885514e+01
5.106762848510872743e+01
5.112128781108263809e+01
5.117485407467424352e+01
5.122832749937249730e+01
5.128170830932192104e+01
5.133499672929340818e+01
5.138819298465559626e+01
5.144129730134677203e+01
5.149430990584735923e+01
5.154723102515287536e+01
5.160006088674749236e+01
5.165279971857810182e+01
5.170544774902886331e+01
5.175800520689635675e+01
5.181047232136515390e+01
5.186284932198395126e+01
5.191513643864220739e+01
5.196733390154727061e+01
5.201944194120194709e+01
5.207146078838265169e+01
5.212339067411794247e+01
5.217523182966759521e+01
5.222698448650209713e+01
5.227864887628265933e+01
5.233022523084160582e+01
5.238171378216330965e+01
5.243311476236547719e+01
5.248442840368094409e+01
5.253565493843985479e+01
5.258679459905231113e+01
5.263784761799137613e+01
5.268881422777656809e+01
5.273969466095771708e+01
5.279048915009921927e+01
5.284119792776472480e+01
5.289182122650216655e+01
5.294235927882919412e+01
5.299281231721901975e+01
5.304318057408655562e+01
5.309346428177502020e+01
5.314366367254278600e+01
5.319377897855068937e+01
5.324381043184961726e+01
5.329375826436847063e+01
5.334362270790245475e+01
5.339340399410166782e+01
5.344310235446007340e+01
5.349271802030475698e+01
5.354225122278548810e+01
5.359170219286458803e+01
5.364107116130713848e+01
5.369035835867142481e+01
5.373956401529973448e+01
5.378868836130938291e+01
5.383773162658402356e+01
5.388669404076530611e+01
5.393557583324467686e+01
5.398437723315558401e+01
5.403309846936580385e+01
5.408173977047010794e+01
5.413030136478314347e+01
5.417878348033259073e+01
5.422718634485248401e+01
5.427551018577685227e+01
5.432375523023351604e+01
5.437192170503815447e+01
5.442000983668855696e+01
5.446801985135909518e+01
5.451595197489543665e+01
5.456380643280937903e+01
5.461158345027400429e+01
5.465928325211888961e+01
5.470690606282563806e+01
5.475445210652346617e+01
5.480192160698511117e+01
5.484931478762278090e+01
5.489663187148436663e+01
5.494387308124980507e+01
5.499103863922755409e+01
5.503812876735130288e+01
5.508514368717678877e+01
5.513208361987879158e+01
5.517894878624822752e+01
5.522573940668949177e+01
5.527245570121779394e+01
5.531909788945679196e+01
5.536566619063621175e+01
5.541216082358970141e+01
5.545858200675277772e+01
5.550492995816086506e+01
5.555120489544750484e+01
5.559740703584265020e+01
5.564353659617109571e+01
5.568959379285096389e+01
5.573557884189238365e+01
5.578149195889622547e+01
5.582733335905288641e+01
5.587310325714130244e+01
5.591880186752791815e+01
5.596442940416582701e+01
5.600998608059402528e+01
5.605547210993665175e+01
5.610088770490240506e+01
5.614623307778401795e+01
5.619150844045776694e+01
5.623671400438312418e+01
5.628184998060245903e+01
5.632691657974078225e+01
5.637191401200558971e+01
5.641684248718677708e+01
5.646170221465659722e+01
5.650649340336969573e+01
5.655121626186322459e+01
5.659587099825694168e+01
5.664045782025347364e+01
5.668497693513855751e+01
5.672942854978132488e+01
5.677381287063470694e+01
5.681813010373585371e+01
5.686238045470653901e+01
5.690656412875372183e+01
5.695068133067007921e+01
5.699473226483457466e+01
5.703871713521310483e+01
5.708263614535918151e+01
5.712648949841460677e+01
5.717027739711024736e+01
5.721400004376676662e+01
5.725765764029547000e+01
5.730125038819912220e+01
5.734477848857281401e+01
5.738824214210485763e+01
5.743164154907770325e+01
5.747497690936891956e+01
5.751824842245210334e+01
5.756145628739790965e+01
5.760460070287506795e+01
5.764768186715140530e+01
5.769069997809492634e+01
5.773365523317484360e+01
5.777654782946268597e+01
5.781937796363343551e+01
5.786214583196660044e+01
5.790485163034739458e+01
5.794749555426784582e+01
5.799007779882798985e+01
5.803259855873702122e+01
5.807505802831447284e+01
5.811745640149143100e+01
5.815979387181174332e+01
5.820207063243319112e+01
5.824428687612872579e+01
5.828644279528769090e+01
5.832853858191703722e+01
5.837057442764258752e+01
5.841255052371024448e+01
5.845446706098725542e+01
5.849632422996343450e+01
5.853812222075240612e+01
5.857986122309286259e+01
5.862154142634985021e+01
5.866316301951593459e+01
5.870472619121252933e+01
5.874623112969110394e+01
5.878767802283443444e+01
5.882906705815786097e+01
5.887039842281052415e+01
5.891167230357658724e+01
5.895288888687653639e+01
5.899404835876831754e+01
5.903515090494865802e+01
5.907619671075423895e+01
5.911718596116293867e+01
5.915811884079501937e+01
5.919899553391438474e+01
5.923981622442975237e+01
5.928058109589583324e+01
5.932126282386021643e+01
5.936183291098286929e+01
5.940229660066173523e+01
5.944269511779896931e+01
5.948306652012070117e+01
5.952344587501274020e+01
5.956386542824036923e+01
5.960435476486243545e+01
5.964494096264030532e+01
5.968564873823294192e+01
5.972650058646053139e+01
5.976751691290976254e+01
5.980871616014557901e+01
5.985011492778580333e+01
5.989172808668636350e+01
5.993356888747737088e+01
5.997564906368196347e+01
6.001797892964252412e+01
6.006056747347114566e+01
6.010342244523403821e+01
6.014655044057239053e+01
6.018995697995524807e+01
6.023364658375334102e+01
6.027762284331586784e+01
6.032188848822612215e+01
6.036644544990531358e+01
6.041129492172811410e+01
6.045643741580712316e+01
6.050187281659797378e+01
6.054760043147104653e+01
6.059361903839018026e+01
6.063992693083361019e+01
6.068652196008705602e+01
6.073340157503389491e+01
6.078056285956245119e+01
6.082800256770575231e+01
6.087571715662430449e+01
6.092370281753838412e+01
6.097195550471145253e+01
6.102047096258272063e+01
6.106924475114226425e+01
6.111827226963873727e+01
6.116754877870533846e+01
6.121706942098661131e+01
6.126682924034462019e+01
6.131682319971989870e+01
6.136704619771930425e+01
6.141749308399939622e+01
6.146815867351129725e+01
6.151903775966969334e+01
6.157012512650609182e+01
6.162141555986327290e+01
6.167290385768575334e+01
6.172458483945799657e+01
6.177645335484015732e+01
6.182850429154839134e+01
6.188073258252469344e+01
6.193313321243904568e+01
6.198570122356444045e+01
6.203843172106373061e+01
6.209131987772457961e+01
6.214436093817786144e+01
6.219755022263237265e+01
6.225088313015740482e+01
6.230435514154302723e+01
6.235796182176623148e+01
6.241169882208984632e+01
6.246556188181962455e+01
6.251954682974334787e+01
6.257364958527492149e+01
6.262786615932468948e+01
6.268219265491647008e+01
6.273662526757045299e+01
6.279116028546992823e+01
6.284579408942916245e+01
6.290052315267830352e+01
6.295534404048063948e+01
6.301025340959636623e+01
6.306524800760649896e+01
6.312032467210926967e+01
6.317548032980124617e+01
6.323071199545398713e+01
6.328601677079693388e+01
6.334139184331623085e+01
6.339683448497862628e+01
6.345234205088913626e+01
6.350791197789049392e+01
6.356354178311175929e+01
6.361922906247322373e+01
6.367497148915413874e+01
6.373076681202916660e+01
6.378661285407936532e+01
6.384250751078290875e+01
6.389844874849034539e+01
6.395443460278890768e+01
6.401046317686004272e+01
6.406653263983405111e+01
6.412264122514520182e+01
6.417878722889072662e+01
6.423496900819664290e+01
6.429118497959302658e+01
6.434743361740133594e+01
6.440371345213588938e+01
6.446002306892181366e+01
6.451636110593102558e+01
6.457272625283803791e+01
6.462911724929712420e+01
6.468553288344206464e+01
6.474197199040976614e+01
6.479843345088868034e+01
6.485491618969292915e+01
6.491141917436310393e+01
6.496794141379402276e+01
6.502448195689042620e+01
6.508103989125073952e+01
6.513761434187946975e+01
6.519420446992829454e+01
6.525080947146634003e+01
6.530742857627943465e+01
6.536406104669872263e+01
6.542070617645822495e+01
6.547736328958181673e+01
6.553403173929891068e+01
6.559071090698923001e+01
6.564740020115590369e+01
6.570409905642726756e+01
6.576080693258643350e+01
6.581752331362878294e+01
6.587424770684684461e+01
6.593097964194215876e+01
6.598771867016384363e+01
6.604446436347319604e+01
6.610121631373429807e+01
6.615797413192974830e+01
6.621473744740131906e+01
6.627150590711489997e+01
6.632827917494942938e+01
6.638505693100904637e+01
6.644183887095826435e+01
6.649862470537931358e+01
6.655541415915146786e+01
6.661220697085170173e+01
6.666900289217593922e+01
6.672580168738090833e+01
6.678260313274545013e+01
6.683940701605136780e+01
6.689621313608274988e+01
6.695302130214378167e+01
6.700983133359409294e+01
6.706664305940147131e+01
6.712345631771124488e+01
6.718027095543196481e+01
6.723708682783684765e+01
6.729390379818055123e+01
6.735072173733071565e+01
6.740754052341399927e+01
6.746436004147597032e+01
6.752118018315455572e+01
6.757800084636642168e+01
6.763482193500620099e+01
6.769164335865775683e+01
6.774846503231736961e+01
6.780528687612827810e+01
6.786210881512637627e+01
6.791893077899638342e+01
6.797575270183845930e+01
6.803257452194469579e+01
6.808939618158508722e+01
6.814621762680295092e+01
6.820303880721903056e+01
6.825985967584428238e+01
6.831668018890090366e+01
6.837350030565134773e+01
6.843031998823494177e+01
6.848713920151192269e+01
6.854395791291450735e+01
6.860077609230482665e+01
6.865759371183942505e+01
6.871441074584001285e+01
6.877122717067031488e+01
6.882804296461861782e+01
6.888485810778614393e+01
6.894167258198045545e+01
6.899848637061425904e+01
6.905529945860899943e+01
6.911211183230322774e+01
6.916892347936544638e+01
6.922573438871138762e+01
6.928254455042537074e+01
6.933935395568562399e+01
6.939616259669350029e+01
6.945297046660623153e+01
6.950977755947324965e+01
6.956658387017583323e+01
6.962338939436986607e+01
6.968019412843176497e+01
6.973699806940719270e+01
6.979380121496265588e+01
6.985060356333961806e+01
6.990740511331134144e+01
6.996420586414193110e+01
7.002100581554785208e+01
7.007780496766152112e+01
7.013460332099703010e+01
7.019140087641791581e+01
7.024819763510674875e+01
7.030499359853652663e+01
7.036178876844387275e+01
7.041858314680378328e+01
7.047537673580590933e+01
7.053216953783241649e+01
7.058896155543718010e+01
7.064575279132627372e+01
7.070254324833979354e+01
7.075933292943483366e+01
7.081612183766965529e+01
7.087290997618883637e+01
7.092969734820950123e+01
7.098648395700855929e+01
7.104326980591073948e+01
7.110005489827757685e+01
7.115683923749722339e+01
7.121362282697496937e+01
7.127040567012451788e+01
7.132718777035995572e+01
7.138396913108840636e+01
7.144074975570318031e+01
7.149752964757766449e+01
7.155430881005960941e+01
7.161108724646595647e+01
7.166786496007826202e+01
7.172464195413837729e+01
7.178141823184469672e+01
7.183819379634876157e+01
7.189496865075219034e+01
7.195174279810406404e+01
7.200851624139845342e+01
7.206528898357245794e+01
7.212206102750437253e+01
7.217883237601218127e+01
7.223560303185233522e+01
7.229237299771860137e+01
7.234914227624135208e+01
7.240591086998682613e+01
7.246267878145677344e+01
7.251944601308807137e+01
7.257621256725265368e+01
7.263297844625746791e+01
7.268974365234466006e+01
7.274650818769183047e+01
7.280327205441237481e+01
7.286003525455592467e+01
7.291679779010894435e+01
7.297355966299539887e+01
7.303032087507736492e+01
7.308708142815591202e+01
7.314384132397185567e+01
7.320060056420668104e+01
7.325735915048349511e+01
7.331411708436793617e+01
7.337087436736926804e+01
7.342763100094133222e+01
7.348438698648364209e+01
7.354114232534249140e+01
7.359789701881202006e+01
7.365465106813530838e+01
7.371140447450554234e+01
7.376815723906709366e+01
7.382490936291669925e+01
7.388166084710454129e+01
7.393841169263536983e+01
7.399516190046965392e+01
7.405191147152467579e+01
7.410866040667563936e+01
7.416540870675675023e+01
7.422215637256230991e+01
7.427890340484781007e+01
7.433564980433087044e+01
7.439239557169241834e+01
7.444914070757762659e+01
7.450588521259690822e+01
7.456262908732691130e+01
7.461937233231147104e+01
7.467611494806257610e+01
7.473285693506124971e+01
7.478959829375845914e+01
7.484633902457596832e+01
7.490307912790727585e+01
7.495981860411832542e+01
7.501655745354837279e+01
7.507329567651080993e+01
7.513003327329386138e+01
7.518677024416133747e+01
7.524350658935340164e+01
7.530024230908723837e+01
7.535697740355766427e+01
7.541371187293793810e+01
7.547044571738021546e+01
7.552717893701630203e+01
7.558391153195816514e+01
7.564064350229851641e+01
7.569737484811139439e+01
7.575410556945266194e+01
7.581083566636054627e+01
7.586756513885609365e+01
7.592429398694372367e+01
7.598102221061158446e+01
7.603774980983207854e+01
7.609447678456223230e+01
7.615120313474413649e+01
7.620792886030532998e+01
7.626465396115916917e+01
7.632137843720518333e+01
7.637810228832947246e+01
7.643482551440496309e+01
7.649154811529182041e+01
7.654827009083764722e+01
7.660499144087788181e+01
7.666171216523605381e+01
7.671843226372399727e+01
7.677515173614217758e+01
7.683187058227994726e+01
7.688858880191573064e+01
7.694530639481735079e+01
7.700202336074214315e+01
7.705873969943723978e+01
7.711545541063975406e+01
7.717217049407702234e+01
7.722888494946671756e+01
7.728559877651711929e+01
7.734231197492722742e+01
7.739902454438696111e+01
7.745573648457737193e+01
7.751244779517070072e+01
7.756915847583064760e+01
7.762586852621247147e+01
7.768257794596311783e+01
7.773928673472143203e+01
7.779599489211821606e+01
7.785270241777645595e+01
7.790940931131139280e+01
7.796611557233066492e+01
7.802282120043450675e+01
7.807952619521574888e+01
7.813623055626008806e+01
7.819293428314607297e+01
7.824963737544536002e+01
7.830633983272274179e+01
7.836304165453630333e+01
7.841974284043752164e+01
7.847644338997145042e+01
7.853314330267672005e+01
7.858984257808579343e+01
7.864654121572498013e+01
7.870323921511460696e+01
7.875993657576907481e+01
7.881663329719707178e+01
7.887332937890163009e+01
7.893002482038022549e+01
7.898671962112493361e+01
7.904341378062257206e+01
7.910010729835474308e+01
7.915680017379797562e+01
7.921349240642393852e+01
7.927018399569939788e+01
7.932687494108650128e+01
7.938356524204274933e+01
7.944025489802127993e+01
7.949694390847081138e+01
7.955363227283589822e+01
7.961031999055700226e+01
7.966700706107062047e+01
7.972369348380942711e+01
7.978037925820237319e+01
7.983706438367482860e+01
7.989374885964868156e+01
7.995043268554250915e+01
8.000711586077167681e+01
8.006379838474842359e+01
8.012048025688207531e+01
8.017716147657911563e+01
8.023384204324331392e+01
8.029052195627586741e+01
8.034720121507551482e+01
8.040387981903866432e+01
8.046055776755953559e+01
8.051723506003025932e+01
8.057391169584103352e+01
8.063058767438022301e+01
8.068726299503447308e+01
8.074393765718889426e+01
8.080061166022707653e+01
8.085728500353137349e+01
8.091395768648283138e+01
8.097062970846148744e+01
8.102730106884635575e+01
8.108397176701564035e+01
8.114064180234677792e+01
8.119731117421660826e+01
8.125397988200145960e+01
8.131064792507729067e+01
8.136731530281977598e+01
8.142398201460443374e+01
8.148064805980672531e+01
8.153731343780215468e+01
8.159397814796641057e+01
8.165064218967542331e+01
8.170730556230552111e+01
8.176396826523345851e+01
8.182063029783660113e+01
8.187729165949296828e+01
8.193395234958133244e+01
8.199061236748133297e+01
8.204727171257354712e+01
8.210393038423957535e+01
8.216058838186219759e+01
8.221724570482531647e+01
8.227390235251418460e+01
8.233055832431541887e+01
8.238721361961705725e+01
8.244386823780870088e+01
8.250052217828151413e+01
8.255717544042835243e+01
8.261382802364380495e+01
8.267047992732427986e+01
8.272713115086800428e+01
8.278378169367520911e+01
8.284043155514804369e+01
8.289708073469077476e+01
8.295372923170972967e+01
8.301037704561338160e+01
8.306702417581243481e+01
8.312367062171983889e+01
8.318031638275081718e+01
8.323696145832298043e+01
8.329360584785628419e+01
8.335024955077311404e+01
8.340689256649829986e+01
8.346353489445917262e+01
8.352017653408557862e+01
8.357681748480990791e+01
8.363345774606712268e+01
8.369009731729479995e+01
8.374673619793311730e+01
8.380337438742492395e+01
8.386001188521571237e+01
8.391664869075364663e+01
8.397328480348960511e+01
8.402992022287713780e+01
8.408655494837250899e+01
8.414318897943475406e+01
8.419982231552558005e+01
8.425645495610943669e+01
8.431308690065355904e+01
8.436971814862783958e+01
8.442634869950497034e+01
8.448297855276032919e+01
8.453960770787206513e+01
8.459623616432102722e+01
8.465286392159076456e+01
8.470949097916758319e+01
8.476611733654043235e+01
8.482274299320096134e+01
8.487936794864353374e+01
8.493599220236509950e+01
8.499261575386530865e+01
8.504923860264642599e+01
8.510586074821330271e+01
8.516248219007339060e+01
8.521910292773672779e+01
8.527572296071585356e+01
8.533234228852589354e+01
8.538896091068443184e+01
8.544557882671155369e+01
8.550219603612978858e+01
8.555881253846408185e+01
8.561542833324182311e+01
8.567204341999271833e+01
8.572865779824886090e+01
8.578527146754464638e+01
8.584188442741677250e+01
8.589849667740418226e+01
8.595510821704806403e+01
8.601171904589179462e+01
8.606832916348089668e+01
8.612493856936306713e+01
8.618154726308810609e+01
8.623815524420786005e+01
8.629476251227623607e+01
8.635136906684913072e+01
8.640797490748444432e+01
8.646458003374200985e+01
8.652118444518353613e+01
8.657778814137265044e+01
8.663439112187481328e+01
8.669099338625727569e+01
8.674759493408909350e+01
8.680419576494102785e+01
8.686079587838557359e+01
8.691739527399690246e+01
8.697399395135082045e+01
8.703059191002475359e+01
8.708718914959767687e+01
8.714378566965015693e+01
8.720038146976422411e+01
8.725697654952340088e+01
8.731357090851268765e+01
8.737016454631846329e+01
8.742675746252849933e+01
8.748334965673191732e+01
8.753994112851916043e+01
8.759653187748197922e+01
8.765312190321334640e+01
8.770971120530749943e+01
8.776629978335986948e+01
8.782288763696702460e+01
8.787947476572672656e+01
8.793606116923781713e+01
8.799264684710021811e+01
8.804923179891491714e+01
8.810581602428395342e+01
8.816239952281031833e+01
8.821898229409802639e+01
8.827556433775203004e+01
8.833214565337819124e+01
8.838872624058328142e+01
8.844530609897495310e+01
8.850188522816169723e+01
8.855846362775284319e+01
8.861504129735851620e+01
8.867161823658960884e+01
8.872819444505780950e+01
8.878476992237553134e+01
8.884134466815586961e+01
8.889791868201265856e+01
8.895449196356037191e+01
8.901106451241417972e+01
8.906763632818986309e+01
8.912420741050380002e+01
8.918077775897297954e+01
8.923734737321501598e+01
8.929391625284802103e+01
8.935048439492230443e+01
8.940705179663520141e+01
8.946361845496269893e+01
8.952018436647601618e+01
8.957674952717151484e+01
8.963331393231329969e+01
8.968987757735688149e+01
8.974644046224639737e+01
8.980300258694114746e+01
8.985956395141380426e+01
8.991612455564860795e+01
8.997268439963983155e+01
9.002924348339020355e+01
9.008580180690955785e+01
9.014235937021348377e+01
9.019891617332213229e+01
9.025547221625910765e+01
9.031202749905041571e+01
9.036858202172346921e+01
9.042513578430622090e+01
9.048168878682633931e+01
9.053824102931048401e+01
9.059479251178353820e+01
9.065134323426805452e+01
9.070789319678361551e+01
9.076444239934633629e+01
9.082099084196839556e+01
9.087753852465755244e+01
9.093408544741683386e+01
9.099063161024412238e+01
9.104717701313188627e+01
9.110372165606682415e+01
9.116026553902977980e+01
9.121680866199533000e+01
9.127335102493178454e+01
9.132989262780091622e+01
9.138643347055787558e+01
9.144297355315104880e+01
9.149951287552205770e+01
9.155605143760560338e+01
9.161258923932943787e+01
9.166912628061437829e+01
9.172566256137423579e+01
9.178219808151591508e+01
9.183873284093928646e+01
9.189526683953734221e+01
9.195180007719618231e+01
9.200833255379504294e+01
9.206486426920641009e+01
9.212139522329601959e+01
9.217792541592301347e+01
9.223445484693995411e+01
9.229098351619293794e+01
9.234751142352170916e+01
9.240403856875970234e+01
9.246056495173422718e+01
9.251709057226648270e+01
9.257361543017175620e+01
9.263013952525943751e+01
9.268666285733324628e+01
9.274318542619126049e+01
9.279970723162607271e+01
9.285622827342487540e+01
9.291274855136963140e+01
9.296926806523715925e+01
9.302578681479923262e+01
9.308230479982276506e+01
9.313882202006983846e+01
9.319533847529791615e+01
9.325185416525985715e+01
9.330836908970414356e+01
9.336488324837489472e+01
9.342139664101205199e+01
9.347790926735139294e+01
9.353442112712480139e+01
9.359093222006016788e+01
9.364744254588170236e+01
9.370395210430987731e+01
9.376046089506159831e+01
9.381696891785026082e+01
9.387347617238592079e+01
9.392998265837530880e+01
9.398648837552195801e+01
9.404299332352627516e+01
9.409949750208565433e+01
9.415600091089447687e+01
9.421250354964431040e+01
9.426900541802389455e+01
9.432550651571925471e+01
9.438200684241375882e+01
9.443850639778817424e+01
9.449500518152075301e+01
9.455150319328727448e+01
9.460800043276115900e+01
9.466449689961345371e+01
9.472099259351287515e+01
9.477748751412596562e+01
9.483398166111705052e+01
9.489047503414829521e+01
9.494696763287977603e+01
9.500345945696952299e+01
9.505995050607351970e+01
9.511644077984577450e+01
9.517293027793832039e+01
9.522941900000130033e+01
9.528590694568292463e+01
9.534239411462955616e+01
9.539888050648571038e+01
9.545536612089405537e+01
9.551185095749548282e+01
9.556833501592906543e+01
9.562481829583209958e+01
9.568130079684014788e+01
9.573778251858696819e+01
9.579426346070461307e+01
9.585074362282338711e+01
9.590722300457183280e+01
9.596370160557678730e+01
9.602017942546333984e+01
9.607665646385483171e+01
9.613313272037289892e+01
9.618960819463740108e+01
9.624608288626646413e+01
9.630255679487646603e+01
9.635902992008200840e+01
9.641550226149587388e+01
9.647197381872911137e+01
9.652844459139095079e+01
9.658491457908878886e+01
9.664138378142818908e+01
9.669785219801286758e+01
9.675431982844466461e+01
9.681078667232351620e+01
9.686725272924748253e+01
9.692371799881263428e+01
9.698018248061312363e+01
9.703664617424112748e+01
9.709310907928679057e+01
